0.0
0.0
0.0
0.0
0.0
0.0
0.0
0.0
0.0
0.0
0.0
0.0
0.0
0.0
0.0
0.0
0.0
0.0
0.0
0.0
0.0
0.0
0.0
0.0
0.0
0.0
0.0
0.0
0.0
0.0
0.0
0.0
0.0
0.0
0.0
0.0
0.0
0.0
0.0
0.0
0.0
0.0
0.0
0.0
0.0
0.0
0.0
0.0
0.0
0.0
0.0
0.0
0.0
0.0
0.0
0.0
0.0
0.0
0.0
0.0
0.0
0.0
0.0
0.0
0.0
0.0
0.0
0.0
0.0
0.0
0.0
0.0
0.0
0.0
0.0
0.0
0.0
0.0
0.0
0.0
0.0
0.0
0.0
0.0
0.0
0.0
0.0
0.0
0.0
0.0
0.0
0.0
0.0
0.0
0.0
0.0
0.0
0.0
0.0
0.0
0.0
0.0
0.0
0.0
0.0
0.0
0.0
0.0
0.0
0.0
0.0
0.0
0.0
0.0
0.0
0.0
0.0
0.0
0.0
0.0
0.0
0.0
0.0
0.0
0.0
0.0
0.0
0.0
0.0
0.0
0.0
0.0
0.0
0.0
0.0
0.0
0.0
0.0
0.0
0.0
0.0
0.0
0.0
0.0
0.0
0.0
0.0
2.598132848739624
12.223447799682617
24.62942123413086
37.863792419433594
45.9869384765625
45.15293884277344
34.133949279785156
20.988521575927734
7.810344696044922
0.37352246046066284
1.1547256708145142
2.481677532196045
3.962830066680908
4.167684555053711
4.334822654724121
2.853670120239258
1.4940898418426514
0.0
0.0
0.0
0.0
0.0
0.0
0.0
0.0
0.0
1.1547256708145142
11.142120361328125
53.40816116333008
123.75042724609375
210.9767608642578
295.5230407714844
347.1617126464844
313.6971740722656
234.06381225585938
148.42428588867188
68.17935180664062
14.978318214416504
41.92071533203125
85.65556335449219
129.15097045898438
149.3217315673828
153.0641632080078
113.72923278808594
69.161376953125
26.92478370666504
8.863656997680664
1.1205673217773438
0.0
0.0
0.0
0.0
2.0207698345184326
15.601511001586914
51.2819709777832
112.06529998779297
215.1254425048828
358.6023254394531
502.6580505371094
605.257080078125
642.6414794921875
555.5609741210938
394.0165100097656
245.1428680419922
150.77854919433594
113.91950988769531
197.8456268310547
325.2331237792969
439.9444274902344
487.348876953125
483.2105712890625
399.36773681640625
294.29412841796875
184.99017333984375
97.87255859375
32.8377799987793
2.9881796836853027
0.0
0.0
5.773628234863281
34.464874267578125
103.85716247558594
207.59654235839844
344.8431701660156
506.9036865234375
666.384033203125
787.9891357421875
864.4242553710938
852.6497802734375
714.281494140625
504.35894775390625
320.3171081542969
242.23483276367188
277.7947082519531
426.2687072753906
585.7136840820312
711.325439453125
740.8291625976562
744.33349609375
679.0176391601562
548.3663940429688
385.39569091796875
246.67279052734375
125.83863830566406
31.068601608276367
0.0
2.8868141174316406
39.98341751098633
125.34295654296875
261.6937255859375
443.2520751953125
637.8590087890625
789.0958862304688
865.660400390625
900.4923706054688
898.1025390625
808.0186157226562
623.8628540039062
457.9761962890625
345.0106201171875
356.2593994140625
478.32183837890625
650.1355590820312
753.7714233398438
793.244140625
764.5625
758.9181518554688
773.408203125
717.5536499023438
565.2113647460938
382.3214111328125
209.15081787109375
65.66602325439453
2.0207698345184326
29.17128562927246
111.47430419921875
268.822021484375
491.86151123046875
706.3342895507812
881.6136474609375
972.6744995117188
939.2973022460938
861.13525390625
799.5125122070312
667.9290161132812
492.0905456542969
377.6161804199219
361.7107849121094
488.1474609375
679.6060791015625
866.3673706054688
896.7764282226562
840.197998046875
788.0957641601562
789.1954345703125
878.764892578125
874.0369873046875
754.7469482421875
518.0973510742188
277.4759521484375
88.48001098632812
13.684722900390625
84.89181518554688
240.82156372070312
481.3160400390625
754.0634155273438
956.2960205078125
1029.2667236328125
963.1136474609375
819.6376953125
647.0317993164062
534.058349609375
387.9173278808594
269.3912048339844
236.65672302246094
360.7621154785156
612.4072875976562
858.7315673828125
973.4686279296875
948.5396728515625
811.7361450195312
753.9144287109375
808.6647338867188
970.8687744140625
984.9700927734375
841.8259887695312
568.8146362304688
289.9193420410156
81.79817962646484
37.45414733886719
160.88034057617188
414.2749328613281
708.8519287109375
947.3734130859375
1063.0892333984375
988.8220825195312
762.8721313476562
527.4785766601562
350.14117431640625
242.7039794921875
143.2377166748047
93.99043273925781
126.16917419433594
336.26348876953125
656.10009765625
930.26513671875
1003.9801025390625
980.1644897460938
822.874267578125
810.9674072265625
884.9005126953125
1009.8546142578125
961.9827880859375
760.9149169921875
479.4737548828125
210.84542846679688
54.0240364074707
32.96431350708008
217.20223999023438
529.771240234375
849.5177612304688
1055.435791015625
1068.81689453125
873.4182739257812
565.2901000976562
290.6654357910156
118.55624389648438
40.66483688354492
15.300920486450195
15.38805866241455
104.55531311035156
317.1484069824219
624.9454956054688
895.7388305664062
979.7559814453125
991.9304809570312
900.8134765625
898.7875366210938
950.228759765625
986.7993774414062
844.000244140625
612.0123901367188
345.3475036621094
135.669921875
25.12190055847168
47.301170349121094
243.3096466064453
558.9703369140625
888.88623046875
1078.8145751953125
1064.9539794921875
824.628173828125
536.7218627929688
288.198974609375
134.26136779785156
79.03014373779297
76.5370864868164
107.64258575439453
223.2222442626953
433.63226318359375
693.9041137695312
952.306640625
1043.9508056640625
1121.55712890625
1112.944091796875
1120.1981201171875
1077.3751220703125
963.6202392578125
722.5938110351562
441.60943603515625
196.82412719726562
58.461509704589844
3.6809136867523193
63.63848876953125
235.0395050048828
472.9682312011719
797.0370483398438
966.513916015625
1005.9979858398438
897.9118041992188
705.1834106445312
531.0538940429688
452.37591552734375
423.4961242675781
416.2928466796875
446.6436462402344
534.4584350585938
711.150390625
892.9425048828125
1092.804443359375
1186.174072265625
1282.7784423828125
1316.54541015625
1310.04296875
1192.078857421875
949.8844604492188
631.4861450195312
345.53570556640625
110.58406066894531
7.750982761383057
-1.7132712602615356
50.11681365966797
188.42344665527344
343.963134765625
588.3057861328125
761.4740600585938
874.8938598632812
899.5799560546875
844.8394775390625
796.7117919921875
740.7523803710938
712.8154296875
710.4268798828125
733.2945556640625
782.4140625
921.6763305664062
1039.67333984375
1142.663818359375
1216.69482421875
1290.0989990234375
1323.2359619140625
1298.5111083984375
1201.6041259765625
950.8240966796875
621.534423828125
337.17584228515625
128.3737030029297
24.76276397705078
0.33273643255233765
15.8997802734375
115.55989837646484
242.25631713867188
392.733154296875
558.8444213867188
705.1908569335938
800.5426635742188
830.3944091796875
865.0829467773438
884.7314453125
873.8601684570312
885.55224609375
888.4090576171875
896.7197265625
934.3494262695312
978.0795288085938
980.4534301757812
980.2443237304688
993.9823608398438
1043.358642578125
1038.1680908203125
974.9092407226562
846.0275268554688
582.04052734375
317.70263671875
152.58250427246094
30.896221160888672
0.203447625041008
2.26652193069458
48.339515686035156
146.19418334960938
252.0858917236328
389.4264831542969
511.5851745605469
629.7789916992188
704.0792236328125
761.191162109375
795.3414916992188
798.786865234375
811.9921875
801.5164794921875
804.8701782226562
805.214599609375
788.2632446289062
744.5543212890625
717.3289184570312
696.6664428710938
727.2159423828125
750.8287353515625
716.7396240234375
637.17724609375
463.86676025390625
258.2200622558594
130.46792602539062
26.236989974975586
0.2198895663022995
0.0
9.707813262939453
55.55862045288086
122.66387939453125
227.604248046875
335.8548583984375
427.9874572753906
524.6541748046875
594.1470336914062
652.703125
659.0057983398438
669.5515747070312
639.6025390625
619.64501953125
578.1495971679688
531.838134765625
462.0775451660156
423.9429626464844
413.2439270019531
439.4847717285156
487.91705322265625
508.6893310546875
438.9479675292969
349.5166015625
201.20030212402344
99.14328002929688
20.749601364135742
0.16288533806800842
0.0
0.2833152413368225
6.30859899520874
31.278392791748047
87.5621109008789
156.04383850097656
218.92147827148438
299.54974365234375
334.4744567871094
382.5746765136719
374.7457275390625
378.0063171386719
351.3100891113281
326.40130615234375
274.8983459472656
232.4029083251953
180.07650756835938
157.8032684326172
166.76632690429688
200.566162109375
251.5978546142578
298.0782775878906
233.07728576660156
188.31564331054688
111.71896362304688
44.90517807006836
5.647688388824463
-0.040786013007164
0.0
0.0
0.0
1.9832067489624023
13.56214714050293
38.54192352294922
57.30381393432617
104.4086685180664
122.20673370361328
146.9989471435547
134.77259826660156
126.22970581054688
110.2061767578125
89.28543853759766
64.61648559570312
48.285675048828125
26.30112075805664
14.326432228088379
27.767833709716797
47.40692138671875
72.1838607788086
108.26435852050781
76.8463363647461
63.48801040649414
37.301944732666016
4.75572395324707
-0.9393719434738159
0.0
0.0
0.0
0.0
0.0
0.0
1.13326096534729
1.719231128692627
9.071040153503418
11.052552223205566
16.961841583251953
14.031786918640137
10.767755508422852
7.028471946716309
2.2809412479400635
1.313378930091858
1.2146539688110352
0.45475971698760986
-0.163144052028656
0.566630482673645
1.2845884561538696
3.2324392795562744
9.399331092834473
5.705591201782227
6.734745025634766
4.753643989562988
-0.3288426995277405
-0.20393006503582
0.0
0.0
0.0
0.0
0.0
0.0
0.0
0.0
0.0
0.0
0.0
0.0
0.0
0.0
0.0
0.0
0.0
0.0
0.0
0.0
0.0
0.0
0.0
0.0
0.0
0.0
0.0
0.0
0.0
0.0
0.0
0.0
0.0
0.0
0.0
0.0
0.0
0.0
0.0
0.0
0.0
0.0
0.0
0.0
0.0
0.0
0.0
0.0
0.0
0.0
0.0
0.0
0.0
0.0
0.0
0.0
0.0
0.0
0.0
0.0
0.0
0.0
0.0
0.0
0.0
0.0
0.0
0.0
0.0
0.0
0.0
0.0
0.0
0.0
0.0
0.0
0.0
0.0
0.0
0.0
0.0
0.0
0.0
0.0
0.0
0.0
0.0
0.0
0.0
0.0
0.0
0.0
0.0
0.0
0.0
0.0
0.0
0.0
0.0
0.0
0.0
0.0
0.0
0.0
0.0
0.0
0.0
0.0
0.0
0.0
0.0
0.0
0.0
0.0
0.0
0.0
0.0
0.0
0.0
0.0
0.0
0.0
0.0
0.0
0.0
0.0
0.0
0.0
0.0
0.0
0.0
0.0
0.0
0.0
0.0
0.0
0.0
0.0
0.0
0.0
0.0
0.0
0.0
0.0
0.0
0.0
0.0
0.0
0.0
0.0
0.0
0.0
0.0
0.0
0.0
0.0
0.0
0.0
0.0
0.0
0.0
0.0
0.0
0.0
0.0
0.0
0.0
0.0
0.0
0.0
0.0
0.0
0.0
0.0
0.0
0.0
0.0
0.0
0.0
0.0
0.0
0.0
0.0
0.0
0.0
0.0
0.0
0.0
0.0
0.0
0.0
0.0
0.0
0.0
0.0
0.0
0.0
0.0
0.0
0.0
0.0
0.0
0.0
0.0
0.0
0.0
0.0
0.0
0.0
0.0
0.0
0.0
0.0
0.0
0.0
0.0
0.0
0.0
0.0
0.0
0.0
0.0
0.0
0.0
0.0
0.0
0.0
0.0
0.0
0.0
0.0
0.0
0.0
0.0
0.0
0.0
0.0
0.0
0.0
0.0
0.0
0.0
0.0
0.0
0.0
0.0
0.0
0.0
0.0
0.0
0.0
0.0
0.0
0.0
0.0
0.0
0.0
0.0
0.0
0.0
0.0
0.0
0.0
0.0
0.0
0.0
0.0
0.0
0.0
0.0
0.0
0.0
0.0
0.0
0.0
0.0
0.0
0.0
0.0
0.0
0.0
0.0
0.0
0.0
0.0
0.0
0.0
0.0
-0.20357733964920044
-1.6465723514556885
-3.5098001956939697
-1.6551203727722168
1.1021267175674438
3.613957166671753
4.411625385284424
1.6938856840133667
-0.007761433720588684
-0.004907879047095776
-0.09047881513834
-0.5005862712860107
-0.23036912083625793
0.22169426083564758
0.6121702194213867
0.3419530987739563
-0.019631516188383102
0.0
0.0
0.0
0.0
0.0
0.0
0.0
0.0
0.0
-0.09047881513834
-1.1791774034500122
-7.675645351409912
-20.208030700683594
-16.329334259033203
-4.5406107902526855
3.299718141555786
14.274572372436523
22.28384017944336
11.155366897583008
0.42218783497810364
-1.0190331935882568
-5.148824691772461
-13.006675720214844
-6.210206508636475
5.849737167358398
12.549559593200684
10.3548002243042
4.999198913574219
1.8555880784988403
0.16812299191951752
-0.014723637141287327
0.0
0.0
0.0
0.0
-0.15833792090415955
-1.7581944465637207
-7.429426193237305
-16.73373031616211
-30.914257049560547
-34.45611572265625
-27.646833419799805
-30.63182258605957
-29.573881149291992
-5.627816200256348
-2.8049211502075195
-13.611532211303711
-13.68856430053711
-17.055334091186523
-28.08804702758789
-20.582975387573242
-9.699172973632812
-3.316497802734375
-3.467651128768921
2.580885171890259
14.292407989501953
15.750307083129883
6.1597371101379395
0.281319260597229
-0.039263032376766205
0.0
0.0
-0.4523940682411194
-5.222817420959473
-19.287046432495117
-32.502254486083984
-31.382198333740234
-47.09339141845703
-63.57036209106445
-71.75933837890625
-96.60047912597656
-95.44304656982422
-54.851280212402344
-54.66386032104492
-74.81925964355469
-65.64712524414062
-44.5431022644043
-46.11430358886719
-49.4614372253418
-52.18124771118164
-63.54277801513672
-68.7734146118164
-58.65202331542969
-33.312198638916016
-3.3701112270355225
8.343278884887695
3.2681236267089844
-0.341454416513443
0.0
-0.2261970341205597
-6.731515407562256
-30.503925323486328
-50.39461135864258
-48.03173065185547
-57.631309509277344
-77.10696411132812
-71.76485443115234
-84.2417984008789
-100.20740509033203
-76.16629791259766
-49.72998046875
-63.336341857910156
-85.99583435058594
-97.20866394042969
-65.84986877441406
-60.89077377319336
-66.66361236572266
-101.95101165771484
-119.42803192138672
-139.3386993408203
-125.10317993164062
-81.76937866210938
-48.131500244140625
-34.86274337768555
-15.914515495300293
-3.203946352005005
-0.15833792090415955
-4.23809289932251
-33.71092224121094
-61.72709655761719
-67.66289520263672
-73.00437927246094
-71.04851531982422
-54.23613357543945
-43.059486389160156
-48.78901672363281
-31.236373901367188
-9.535316467285156
-13.406769752502441
-66.01464080810547
-106.26162719726562
-110.89421844482422
-63.12064743041992
-20.363752365112305
-29.2713565826416
-61.31111145019531
-72.42279052734375
-111.30610656738281
-107.89224243164062
-64.50122833251953
-32.615989685058594
-51.61659622192383
-52.51609420776367
-16.053268432617188
-2.0639145374298096
-23.493343353271484
-67.663818359375
-80.3231430053711
-63.52032470703125
-41.34386444091797
-33.261314392089844
-9.469217300415039
6.188051223754883
4.61350154876709
20.047069549560547
42.90765380859375
17.446884155273438
-39.413753509521484
-105.77507781982422
-87.22478485107422
-19.222728729248047
29.032814025878906
30.86676788330078
-6.211816787719727
-29.763566970825195
-34.40215301513672
-35.228824615478516
-12.48646354675293
-20.917207717895508
-55.868282318115234
-61.9664421081543
-23.42138671875
-10.47622299194336
-56.8977165222168
-86.76641845703125
-60.62692642211914
-27.27658462524414
11.621603012084961
11.917646408081055
1.869669795036316
-7.253235340118408
12.177703857421875
19.142885208129883
13.152619361877441
-10.659285545349121
-58.726112365722656
-89.61009216308594
-49.8622932434082
5.2433953285217285
35.74156188964844
-22.389068603515625
-48.37753677368164
-54.2296257019043
-30.07609748840332
-11.0166015625
1.2837167978286743
-41.658287048339844
-85.05960083007812
-63.21384048461914
-24.337648391723633
-23.468488693237305
-71.79878997802734
-82.84081268310547
-37.21803283691406
2.0543179512023926
22.993633270263672
15.948654174804688
-12.751949310302734
-25.98073959350586
-17.287996292114258
-15.244935035705566
-4.556760311126709
-4.313209533691406
-24.346893310546875
-44.79680633544922
-27.33312225341797
-0.6218810677528381
-13.33621597290039
-94.13716888427734
-130.09146118164062
-106.22578430175781
-23.283998489379883
11.314229965209961
0.7074053883552551
-39.52964401245117
-68.4514389038086
-48.130950927734375
-15.72689437866211
-23.254053115844727
-69.99768829345703
-46.29469299316406
-25.83945655822754
14.493183135986328
13.46104907989502
-38.420989990234375
-24.481483459472656
-14.743948936462402
-14.711493492126465
-6.530790328979492
-1.0575189590454102
-5.73956298828125
-7.138763427734375
-10.499080657958984
-14.568821907043457
-3.430508852005005
-48.62909698486328
-132.90638732910156
-164.6663055419922
-110.80979919433594
-22.270309448242188
20.617639541625977
12.49281120300293
-38.43581008911133
-30.173479080200195
-22.858495712280273
-9.018274307250977
-7.803689002990723
-21.72007179260254
-23.458904266357422
-4.707026958465576
-5.381228923797607
-57.49930191040039
-78.14395141601562
-89.23554229736328
-46.68398666381836
-12.393817901611328
-2.788931369781494
-8.076120376586914
-13.453068733215332
-5.553784370422363
-13.071629524230957
-7.71441650390625
-19.911577224731445
-48.147705078125
-128.01255798339844
-115.54444885253906
-63.919891357421875
16.069549560546875
24.58627700805664
-13.985021591186523
-25.16732406616211
-30.89305305480957
-19.72381591796875
-3.756939649581909
5.876105785369873
8.349773406982422
4.136475086212158
-10.064223289489746
-31.274003982543945
-112.60482788085938
-130.9344024658203
-116.481689453125
-96.97972869873047
-76.96287536621094
-59.89097595214844
-60.01377487182617
-72.16986083984375
-71.27879333496094
-69.21001434326172
-54.42124557495117
-42.360347747802734
-56.91500473022461
-91.99688720703125
-104.06818389892578
-63.38190460205078
-18.036518096923828
-41.355560302734375
-53.41715621948242
-37.81288528442383
-14.571890830993652
-3.2942612171173096
-0.08695469051599503
3.156291961669922
12.66376781463623
27.842287063598633
13.75574016571045
-18.00969886779785
-60.748470306396484
-121.62123107910156
-139.2111358642578
-146.58517456054688
-140.36961364746094
-138.21099853515625
-132.78724670410156
-132.45523071289062
-133.89158630371094
-117.60604858398438
-72.22399139404297
-49.847923278808594
-63.249420166015625
-78.43698120117188
-85.5301284790039
-84.21490478515625
-91.49276733398438
-81.59056854248047
-74.16856384277344
-69.53947448730469
-26.73711585998535
-2.907658815383911
-0.01804250106215477
0.6069387793540955
8.95230484008789
29.236059188842773
51.01564025878906
23.731170654296875
-8.564674377441406
-27.489948272705078
-74.30039978027344
-102.53570556640625
-105.93755340576172
-96.58683013916016
-90.618408203125
-83.79657745361328
-69.13240814208984
-48.855865478515625
-31.150606155395508
-13.16209602355957
-12.308660507202148
-31.732389450073242
-29.561542510986328
-32.31132125854492
-74.7000961303711
-83.956787109375
-70.37996673583984
-76.34386444091797
-49.79888916015625
-11.65091323852539
-0.16961658000946045
0.0
2.4619216918945312
15.029913902282715
35.997005462646484
49.80894470214844
44.17784881591797
28.04343032836914
21.306415557861328
5.43935489654541
-2.75512433052063
-3.6191306114196777
-1.0863218307495117
-4.035951614379883
6.363724708557129
30.200397491455078
39.18321228027344
34.1760139465332
33.22610855102539
36.9918327331543
29.875051498413086
29.05478286743164
10.037140846252441
-6.518975257873535
-23.937082290649414
-36.1181526184082
-30.251699447631836
-6.7698822021484375
0.017213765531778336
0.0
0.07586734741926193
1.7814743518829346
9.437713623046875
26.71087646484375
47.00254821777344
58.182491302490234
44.02494430541992
51.354705810546875
44.40626525878906
59.52545166015625
47.61467361450195
52.07241439819336
45.053462982177734
45.055694580078125
30.78860855102539
20.616724014282227
7.761845111846924
17.014089584350586
37.52439880371094
45.667442321777344
40.12181854248047
37.61637496948242
-4.600902557373047
-9.265083312988281
-16.98777198791504
-5.430675506591797
-0.08204681426286697
0.0
0.0
0.0
0.5310714244842529
4.276647090911865
13.999213218688965
24.871267318725586
30.152587890625
34.05825424194336
28.37628936767578
25.587236404418945
9.443655967712402
6.6507463455200195
4.800508975982666
3.432246685028076
-6.3269219398498535
-12.64212703704834
-9.601631164550781
3.2483747005462646
17.892623901367188
26.874187469482422
27.985980987548828
18.62546730041504
-6.970832347869873
-17.781442642211914
-16.219682693481445
-3.441944122314453
0.0
0.0
0.0
0.0
0.0
0.0
0.30346938967704773
0.8289074897766113
2.884577751159668
5.08030366897583
6.051135540008545
3.1481993198394775
-1.262176752090454
-3.231165647506714
-2.3202245235443115
-0.37767553329467773
-0.41701221466064453
-0.6153407096862793
-0.3281872570514679
0.15173469483852386
0.5282547473907471
1.2315411567687988
3.1147043704986572
3.4089314937591553
0.9263982772827148
-2.4287962913513184
-2.5742058753967285
-0.4102340638637543
0.0
0.0
0.0
0.0
0.0
0.0
0.0
0.0
0.0
0.0
0.0
0.0
0.0
0.0
0.0
0.0
0.0
0.0
0.0
0.0
0.0
0.0
0.0
0.0
0.0
0.0
0.0
0.0
0.0
0.0
0.0
0.0
0.0
0.0
0.0
0.0
0.0
0.0
0.0
0.0
0.0
0.0
0.0
0.0
0.0
0.0
0.0
0.0
0.0
0.0
0.0
0.0
0.0
0.0
0.0
0.0
0.0
0.0
0.0
0.0
0.0
0.0
0.0
0.0
0.0
0.0
0.0
0.0
0.0
0.0
0.0
0.0
0.0
0.0
0.0
0.0
0.0
0.0
0.0
0.0
0.0
0.0
0.0
0.0
0.0
0.0
0.0
0.0
0.0
0.0
0.0
0.0
0.0
0.0
0.0
0.0
0.0
0.0
0.0
0.0
0.0
0.0
0.0
0.0
0.0
0.0
0.0
0.0
0.0
0.0
0.0
0.0
0.0
0.0
0.0
0.0
0.0
0.0
0.0
0.0
0.0
0.0
0.0
0.0
0.0
0.0
0.0
0.0
0.0
0.0
0.0
0.0
0.0
0.0
0.0
0.0
0.0
0.0
0.0
0.0
0.0
0.0
0.0
0.0
0.0
0.0
0.0
0.0
0.0
0.0
0.0
0.0
0.0
0.0
0.0
0.0
0.0
0.0
0.0
0.0
0.0
0.0
0.0
0.0
0.0
0.0
0.0
0.0
0.0
0.0
0.0
0.0
0.0
0.0
0.0
0.0
0.0
0.0
0.0
0.0
0.0
0.0
0.0
0.0
0.0
0.0
0.0
0.0
0.0
0.0
0.0
0.0
0.0
0.0
0.0
0.0
0.0
0.0
0.0
0.0
0.0
0.0
0.0
0.0
0.0
0.0
0.0
0.0
0.0
0.0
0.0
0.0
0.0
0.0
0.0
0.0
0.0
0.0
0.0
0.0
0.0
0.0
0.0
0.0
0.0
0.0
0.0
0.0
0.0
0.0
0.0
0.0
0.0
0.0
0.0
0.0
0.0
0.0
0.0
0.0
0.0
0.0
0.0
0.0
0.0
0.0
0.0
0.0
0.0
0.0
0.0
0.0
0.0
0.0
0.0
0.0
0.0
0.0
0.0
0.0
0.0
0.0
0.0
0.0
0.0
0.0
0.0
0.0
0.0
0.0
0.0
0.0
0.0
0.0
0.0
0.0
0.0
0.0
0.0
0.0
0.0
0.0
0.0
0.0
0.0
0.0
0.0
0.0
-0.4739063084125519
-2.098064661026001
-4.5696492195129395
-7.20535135269165
-5.85834264755249
-4.510352611541748
-1.567591667175293
-0.10738372802734375
-0.5769742727279663
-0.031846221536397934
-0.21062502264976501
-0.39420926570892334
-0.906517744064331
-0.456091970205307
-0.3998925983905792
0.11241582036018372
-0.12738488614559174
0.0
0.0
0.0
0.0
0.0
0.0
0.0
0.0
0.0
-0.21062502264976501
-1.9738969802856445
-10.761078834533691
-27.304574966430664
-45.01523971557617
-45.850589752197266
-42.09245300292969
-26.272510528564453
-11.519110679626465
1.103545904159546
-2.0652318000793457
-1.850239872932434
-8.133316993713379
-15.66281795501709
-25.649028778076172
-18.285051345825195
-13.361783981323242
-4.836685657501221
-3.072827100753784
-0.7175886034965515
-0.4889201521873474
-0.0955386608839035
0.0
0.0
0.0
0.0
-0.3685937821865082
-2.743460178375244
-9.671710014343262
-25.799142837524414
-59.77104187011719
-90.88006591796875
-94.36447143554688
-90.81257629394531
-73.17850494384766
-26.94434356689453
1.4406746625900269
-0.19834685325622559
-1.5396231412887573
-21.20836639404297
-53.77204132080078
-72.77757263183594
-65.2516098022461
-57.0118522644043
-36.54961013793945
-29.507322311401367
-12.236735343933105
-4.4526872634887695
-0.034598708152770996
-1.7456696033477783
-0.25476977229118347
0.0
0.0
-1.0531251430511475
-6.985109329223633
-25.79370880126953
-56.46208953857422
-85.64290618896484
-112.4144287109375
-131.22862243652344
-115.12205505371094
-115.14353942871094
-85.68218994140625
-21.969449996948242
4.151255130767822
-29.27914047241211
-43.13230895996094
-78.45272827148438
-105.88947296142578
-113.89449310302734
-91.49797058105469
-88.86924743652344
-74.94132232666016
-60.94855880737305
-32.5254020690918
-14.53663444519043
1.720792293548584
3.8684189319610596
-1.557377576828003
0.0
-0.5265625715255737
-9.978090286254883
-37.234039306640625
-86.29234313964844
-115.01891326904297
-119.7637939453125
-137.88970947265625
-128.15386962890625
-94.64887237548828
-85.656005859375
-42.24664306640625
31.506454467773438
17.440921783447266
-47.060943603515625
-107.77364349365234
-124.28898620605469
-120.25338745117188
-114.37277221679688
-74.5896987915039
-71.65272521972656
-78.47581481933594
-85.93489837646484
-61.71316146850586
-24.595481872558594
-13.964630126953125
4.728035926818848
2.87469744682312
-0.3685937821865082
-6.634196758270264
-39.40839385986328
-99.4552230834961
-133.3093719482422
-139.43499755859375
-132.71583557128906
-99.00078582763672
-69.09732818603516
-87.28604125976562
-104.22577667236328
-83.62437438964844
-36.76789474487305
-55.46397399902344
-120.7274398803711
-159.34725952148438
-136.1768035888672
-89.46261596679688
-57.773834228515625
-77.29586791992188
-92.04318237304688
-134.8675994873047
-130.48980712890625
-57.36155700683594
-13.592802047729492
-12.0613431930542
-12.029123306274414
2.392460584640503
-3.4870314598083496
-29.126232147216797
-93.23419189453125
-151.87095642089844
-152.53530883789062
-134.04502868652344
-89.17198944091797
-53.613826751708984
-62.73865509033203
-100.00855255126953
-110.70195007324219
-78.55360412597656
-48.427059173583984
-85.6759262084961
-162.2258758544922
-179.24188232421875
-134.75009155273438
-63.40094757080078
-66.17573547363281
-119.50357055664062
-171.6499786376953
-229.4816436767578
-201.3394317626953
-98.1248550415039
-3.546053886413574
1.672550082206726
-15.232258796691895
0.018162183463573456
-13.941017150878906
-69.96260070800781
-150.23471069335938
-167.04466247558594
-144.8424530029297
-92.14339447021484
-61.16521453857422
-77.46831512451172
-67.74627685546875
-95.8715591430664
-102.41737365722656
-85.73934173583984
-69.5146484375
-97.9054183959961
-164.37083435058594
-168.12734985351562
-130.71121215820312
-76.14047241210938
-107.82320404052734
-182.6994171142578
-237.2034454345703
-262.1307373046875
-227.2548370361328
-108.33943939208984
-13.731008529663086
-33.97566223144531
-19.786897659301758
-4.953213691711426
-26.947032928466797
-109.11760711669922
-161.8533477783203
-164.50363159179688
-122.54090118408203
-78.86234283447266
-83.67699432373047
-71.8018569946289
-77.04313659667969
-62.254791259765625
-31.802221298217773
-16.989408493041992
-13.944972038269043
-53.55561447143555
-142.54299926757812
-177.9839630126953
-141.84690856933594
-121.57096862792969
-132.53453063964844
-195.26913452148438
-171.21682739257812
-163.36248779296875
-105.62855529785156
-46.72023010253906
-38.78715133666992
-44.880592346191406
-34.03981018066406
-5.247848033905029
-29.733247756958008
-120.55992126464844
-169.20289611816406
-150.68186950683594
-136.79635620117188
-89.09351348876953
-95.23956298828125
-80.86319732666016
-51.89472579956055
-27.003856658935547
-11.520594596862793
-10.234188079833984
-16.05217170715332
-54.27095413208008
-144.50103759765625
-200.0071258544922
-176.17727661132812
-147.5714569091797
-168.74569702148438
-197.63526916503906
-168.02584838867188
-102.05753326416016
-53.663291931152344
-46.89754104614258
-47.681488037109375
-51.9230842590332
-25.168376922607422
-2.5550825595855713
-27.54060935974121
-106.27255249023438
-160.53318786621094
-153.42752075195312
-145.703857421875
-128.26528930664062
-127.34725952148438
-106.8030014038086
-55.59956741333008
-45.865657806396484
-44.44610595703125
-56.014549255371094
-70.32622528076172
-85.27352905273438
-155.4621124267578
-221.16436767578125
-206.30665588378906
-177.2281494140625
-181.47776794433594
-180.81576538085938
-135.22567749023438
-73.65140533447266
-64.80683135986328
-76.0260238647461
-67.67379760742188
-51.12900161743164
-12.79392147064209
-0.8025063872337341
-15.126705169677734
-79.46704864501953
-149.71847534179688
-173.21022033691406
-146.97727966308594
-133.89503479003906
-132.2429656982422
-106.47894287109375
-99.27873229980469
-95.85252380371094
-88.49717712402344
-95.2589340209961
-107.15279388427734
-109.09339141845703
-147.71295166015625
-198.33636474609375
-196.78526306152344
-195.2590789794922
-205.09034729003906
-214.8512725830078
-180.075927734375
-119.05542755126953
-85.8922119140625
-90.4397201538086
-39.80149841308594
-5.673765659332275
-2.0109505653381348
-0.049443505704402924
-3.9658775329589844
-40.58951950073242
-102.20393371582031
-138.7826385498047
-154.79617309570312
-145.23768615722656
-123.7410659790039
-111.22544860839844
-104.35929107666016
-120.70601654052734
-114.9361343383789
-123.04951477050781
-123.9806137084961
-117.7911376953125
-115.80791473388672
-126.8917007446289
-123.9842300415039
-153.14219665527344
-193.64930725097656
-203.90528869628906
-186.96868896484375
-132.72850036621094
-78.19608306884766
-51.81532287597656
-19.861064910888672
1.8886473178863525
4.091591835021973
0.0968601405620575
-0.47090184688568115
-13.433669090270996
-54.53948211669922
-98.42999267578125
-134.52256774902344
-150.15762329101562
-132.88058471679688
-120.56704711914062
-117.10292053222656
-94.72916412353516
-84.46725463867188
-68.47486877441406
-86.96998596191406
-84.95477294921875
-87.05725860595703
-87.41141510009766
-98.0866470336914
-122.64574432373047
-161.91200256347656
-171.17706298828125
-155.95127868652344
-125.02330780029297
-57.821929931640625
-1.5287541151046753
-22.014013290405273
-7.822502613067627
-0.7917619347572327
-0.0747985988855362
0.0
-2.0997440814971924
-15.705870628356934
-47.24827575683594
-95.58557891845703
-133.21510314941406
-127.93744659423828
-124.61375427246094
-127.934326171875
-120.9448013305664
-115.89703369140625
-107.33087921142578
-119.33312225341797
-116.072265625
-103.97624969482422
-94.15363311767578
-93.97704315185547
-109.91593933105469
-135.84686279296875
-138.59559631347656
-122.7723617553711
-109.65461730957031
-52.9924201965332
-2.233900785446167
-13.210750579833984
-10.77708625793457
-2.3528225421905518
0.0069686067290604115
0.0
-0.058862730860710144
-1.3821260929107666
-8.726619720458984
-30.536365509033203
-65.4837417602539
-92.19670104980469
-117.20936584472656
-119.79898071289062
-109.71544647216797
-96.27257537841797
-89.44668579101562
-101.88652801513672
-105.30142974853516
-91.95868682861328
-83.22183990478516
-83.67250061035156
-84.60087585449219
-92.22738647460938
-99.86957550048828
-106.54430389404297
-114.3994369506836
-77.70653533935547
-37.908870697021484
-33.8425407409668
-14.522433280944824
-1.3992564678192139
-0.01759728230535984
0.0
0.0
0.0
-0.4120391011238098
-3.3177077770233154
-12.163874626159668
-25.10890769958496
-48.75817108154297
-69.22271728515625
-77.40654754638672
-82.33808135986328
-75.63471984863281
-74.59231567382812
-62.94110870361328
-54.26823806762695
-45.231651306152344
-32.5122184753418
-16.090431213378906
-12.69345474243164
-19.081253051757812
-34.212249755859375
-57.21163558959961
-59.4527473449707
-48.29716110229492
-39.39448928833008
-11.082508087158203
-0.7218400835990906
0.0
0.0
0.0
0.0
0.0
0.0
-0.23545092344284058
-0.6428976655006409
-2.550006866455078
-5.347919464111328
-8.476073265075684
-11.999454498291016
-10.407325744628906
-8.448332786560059
-3.4014554023742676
-1.7678297758102417
-1.3312593698501587
-0.8651388883590698
-0.07038912922143936
-0.11772546172142029
-0.40974295139312744
-1.1114088296890259
-3.237103223800659
-4.525970935821533
-5.440618991851807
-6.105587005615234
-1.4685637950897217
-0.08798640966415405
0.0
0.0
0.0
0.0
0.0
0.0
0.0
0.0
0.0
0.0
0.0
0.0
0.0
0.0
0.0
0.0
0.0
0.0
0.0
0.0
0.0
0.0
0.0
0.0
0.0
0.0
0.0
0.0
0.0
0.0
0.0
0.0
0.0
0.0
0.0
0.0
0.0
0.0
0.0
0.0
0.0
0.0
0.0
0.0
0.0
0.0
0.0
0.0
0.0
0.0
0.0
0.0
0.0
0.0
0.0
0.0
0.0
0.0
0.0
0.0
0.0
0.0
0.0
0.0
0.0
0.0
0.0
0.0
0.0
0.0
0.0
0.0
0.0
0.0
0.0
0.0
0.0
0.0
0.0
0.0
0.0
0.0
0.0
0.0
0.0
0.0
0.0
0.0
0.0
0.0
0.0
0.0
0.0
0.0
0.0
0.0
0.0
0.0
0.0
0.0
0.0
0.0
0.0
0.0
0.0
0.0
0.0
0.0
0.0
0.0
0.0
0.0
0.0
0.0
0.0
0.0
0.0
0.0
0.0
0.0
0.0
0.0
0.0
0.0
0.0
0.0
0.0
0.0
0.0
0.0
0.0
0.0
0.0
0.0
0.0
0.0
0.0
0.0
0.0
0.0
0.0
0.0
0.0
0.0
0.0
0.0
0.0
0.0
0.0
0.0
0.0
0.0
0.0
0.0
0.0
0.0
0.0
0.0
0.0
0.0
0.0
0.0
0.0
0.0
0.0
0.0
0.0
0.0
0.0
0.0
0.0
0.0
0.0
0.0
0.0
0.0
0.0
0.0
0.0
0.0
0.0
0.0
0.0
0.0
0.0
0.0
0.0
0.0
0.0
0.0
0.0
0.0
0.0
0.0
0.0
0.0
0.0
0.0
0.0
0.0
0.0
0.0
0.0
0.0
0.0
0.0
0.0
0.0
0.0
0.0
0.0
0.0
0.0
0.0
0.0
0.0
0.0
0.0
0.0
0.0
0.0
0.0
0.0
0.0
0.0
0.0
0.0
0.0
0.0
0.0
0.0
0.0
0.0
0.0
0.0
0.0
0.0
0.0
0.0
0.0
0.0
0.0
0.0
0.0
0.0
0.0
0.0
0.0
0.0
0.0
0.0
0.0
0.0
0.0
0.0
0.0
0.0
0.0
0.0
0.0
0.0
0.0
0.0
0.0
0.0
0.0
0.0
0.0
0.0
0.0
0.0
0.0
0.0
0.0
0.0
0.0
0.0
0.0
0.0
0.0
0.0
0.0
0.0
0.0
0.0
0.0
0.0
0.0
-0.20214328169822693
-1.24521803855896
-3.15722393989563
-5.359929084777832
-7.97524881362915
-9.090719223022461
-7.559731483459473
-5.126789093017578
-1.9270646572113037
-0.09219001233577728
-0.08984145522117615
-0.3238353729248047
-0.525719404220581
-0.76893550157547
-0.903701663017273
-0.7018175721168518
-0.36876004934310913
0.0
0.0
0.0
0.0
0.0
0.0
0.0
0.0
0.0
-0.08984145522117615
-0.9976463317871094
-4.556243419647217
-10.268768310546875
-16.075563430786133
-27.897117614746094
-44.97053146362305
-50.0947151184082
-46.275062561035156
-34.36183166503906
-15.141769409179688
-2.4516727924346924
-3.7130744457244873
-9.836906433105469
-16.173601150512695
-24.7293758392334
-29.92123031616211
-25.34902572631836
-15.796030044555664
-6.509465217590332
-2.1857833862304688
-0.27657002210617065
0.0
0.0
0.0
0.0
-0.15722253918647766
-1.4426661729812622
-5.290911674499512
-9.957588195800781
-7.5092668533325195
5.795047760009766
18.574445724487305
9.204458236694336
-0.6013578772544861
-13.91729736328125
-37.88022994995117
-41.538604736328125
-17.0749454498291
-10.775471687316895
-9.594110488891602
-4.795609951019287
-6.729889869689941
-32.5917854309082
-52.716129302978516
-62.2068977355957
-52.24015426635742
-39.32535171508789
-22.395906448364258
-7.864948272705078
-0.7375200986862183
0.0
0.0
-0.44920727610588074
-2.7152533531188965
-5.963897705078125
-4.3176140785217285
3.036853313446045
9.733675003051758
21.75779914855957
31.083879470825195
41.805416107177734
59.284515380859375
47.38664245605469
10.170771598815918
-2.3164217472076416
13.173736572265625
16.974313735961914
24.340923309326172
24.361595153808594
25.20444107055664
26.720746994018555
28.208955764770508
6.291678428649902
-26.270357131958008
-50.02729797363281
-45.58879089355469
-24.976774215698242
-7.040684700012207
0.0
-0.22460363805294037
-1.6663212776184082
-1.190328598022461
11.86020278930664
30.03672218322754
35.23929214477539
48.477996826171875
77.6965560913086
116.27384185791016
168.5651092529297
177.13726806640625
129.70501708984375
85.88960266113281
52.181488037109375
41.71674346923828
55.02705764770508
64.21919250488281
55.55830001831055
91.44522857666016
123.80424499511719
139.99948120117188
116.46698760986328
72.71798706054688
11.911826133728027
-32.29512405395508
-27.36509895324707
-9.11850643157959
-0.15722253918647766
-1.6127383708953857
0.9760374426841736
20.585121154785156
51.73284149169922
60.42155456542969
73.41436767578125
128.69004821777344
145.13352966308594
170.08975219726562
209.34112548828125
201.7096405029297
154.9042510986328
142.85009765625
98.45621490478516
96.81063842773438
94.5509033203125
105.18870544433594
96.99748992919922
132.03761291503906
166.4387969970703
187.40689086914062
181.19696044921875
147.892333984375
62.76658630371094
-3.0695862770080566
-13.455366134643555
-0.2683905065059662
-0.4447258710861206
1.3436675071716309
18.02695655822754
61.5435676574707
92.6208267211914
101.31910705566406
146.1782684326172
177.54896545410156
180.8892822265625
209.9228057861328
207.87051391601562
158.8961639404297
123.41203308105469
107.20511627197266
107.38368225097656
149.44049072265625
142.82373046875
157.25680541992188
146.07635498046875
164.96163940429688
191.83056640625
212.76141357421875
211.99954223632812
160.10438537597656
115.13574981689453
53.83096694946289
18.624347686767578
9.8170166015625
0.9300812482833862
13.584551811218262
69.38906860351562
115.50543212890625
128.3950958251953
164.101318359375
181.28675842285156
158.95423889160156
188.8146514892578
159.49954223632812
110.73018646240234
70.54940032958984
64.78919219970703
69.8290786743164
127.96269989013672
167.63877868652344
187.8839111328125
148.87738037109375
124.25127410888672
94.3482437133789
123.60955810546875
169.41439819335938
173.44105529785156
156.81927490234375
143.66781616210938
106.99620056152344
68.54469299316406
20.1640625
8.873514175415039
51.521087646484375
130.92774963378906
152.8078155517578
165.1824188232422
158.6477508544922
135.2953643798828
127.52589416503906
113.64409637451172
62.13175582885742
39.89950942993164
17.481273651123047
10.7278413772583
45.81007766723633
99.74330139160156
151.84190368652344
206.74668884277344
167.0129852294922
154.076416015625
83.68012237548828
115.18121337890625
110.23243713378906
129.2753448486328
125.7164306640625
124.4719009399414
132.3683319091797
66.85487365722656
19.525009155273438
11.16865062713623
77.30364227294922
138.43202209472656
200.38189697265625
216.80581665039062
143.9400177001953
99.71105194091797
49.80107879638672
13.62130355834961
0.4262152910232544
-3.298316240310669
-11.266417503356934
-13.700580596923828
27.985187530517578
61.308162689208984
110.3543701171875
157.2395782470703
161.96971130371094
163.14132690429688
135.8643798828125
133.80702209472656
130.58309936523438
144.93124389648438
108.29095458984375
133.56690979003906
97.04965209960938
37.35377883911133
15.374141693115234
31.856056213378906
85.58780670166016
133.8246307373047
221.1272430419922
212.51023864746094
183.0957489013672
110.62025451660156
19.145540237426758
-21.233720779418945
-51.576271057128906
-52.65918731689453
-49.51459884643555
-37.582523345947266
3.9298481941223145
54.48007583618164
77.84159851074219
134.5513458251953
157.6223907470703
213.85133361816406
207.57827758789062
192.32928466796875
159.81610107421875
109.20523071289062
84.79936218261719
75.8190689086914
35.684112548828125
28.390987396240234
6.848634243011475
30.839454650878906
75.82295227050781
106.00125885009766
186.03041076660156
205.0498504638672
227.3893585205078
169.24562072753906
101.62100982666016
39.720481872558594
19.380735397338867
11.427192687988281
6.845594882965088
12.083065032958984
28.290061950683594
87.67952728271484
110.25299072265625
162.4896697998047
203.32066345214844
274.3766784667969
270.5792236328125
258.8866271972656
183.2865447998047
120.3017807006836
53.03008270263672
6.554917812347412
0.510186493396759
-0.5739588737487793
0.05750778317451477
10.553159713745117
60.71395492553711
77.33012390136719
124.80772399902344
171.89012145996094
229.24057006835938
233.87034606933594
189.23358154296875
139.37643432617188
102.21025085449219
88.52129364013672
94.8676986694336
103.96669006347656
117.20801544189453
175.05770874023438
196.7895050048828
206.5111541748047
241.5642547607422
285.0785217285156
319.4696350097656
285.4262390136719
231.77476501464844
182.73416137695312
82.21480560302734
13.890527725219727
-6.201211452484131
-1.3305433988571167
0.0280593391507864
1.5345640182495117
30.44771957397461
66.25604248046875
86.73126220703125
130.16348266601562
181.1515655517578
222.5990753173828
233.44476318359375
241.80874633789062
230.39419555664062
211.11509704589844
207.6873779296875
200.5922393798828
212.0688934326172
230.6900634765625
227.8095703125
222.12542724609375
228.3119659423828
239.33763122558594
260.5502014160156
249.24935913085938
223.80262756347656
207.818603515625
136.10858154296875
51.7177734375
21.74940299987793
6.895312309265137
0.09981626272201538
0.0
6.546253681182861
31.79237937927246
52.452911376953125
90.94203186035156
119.65103912353516
169.9578857421875
202.16929626464844
220.27081298828125
227.43409729003906
229.22088623046875
230.37628173828125
226.65660095214844
226.80909729003906
218.86874389648438
207.80653381347656
197.79612731933594
192.86521911621094
179.32435607910156
180.55609130859375
193.1754150390625
180.58323669433594
160.39163208007812
134.75131225585938
86.72784423828125
34.62150573730469
3.3652608394622803
-0.0374641977250576
0.0
0.19182050228118896
4.117502212524414
17.64681053161621
43.007083892822266
63.64970779418945
87.99433898925781
133.490478515625
155.31101989746094
177.7552490234375
171.88662719726562
176.282470703125
167.11073303222656
151.3360137939453
131.9268035888672
120.45858001708984
97.46965026855469
92.69792938232422
96.21858215332031
100.95889282226562
116.58440399169922
140.10586547851562
100.56372833251953
108.5308837890625
73.42438507080078
33.09229278564453
8.451811790466309
0.14969779551029205
0.0
0.0
0.0
1.3427435159683228
8.105902671813965
19.181867599487305
21.368871688842773
49.326019287109375
47.19218063354492
77.6131820678711
61.164642333984375
78.212158203125
64.56353759765625
59.220977783203125
38.548919677734375
35.938934326171875
24.59975242614746
23.27521514892578
21.867612838745117
23.001632690429688
30.108598709106445
48.331459045410156
24.890893936157227
47.29182815551758
29.388011932373047
25.27063751220703
6.249683856964111
0.0
0.0
0.0
0.0
0.0
0.0
0.7672820091247559
0.5489078164100647
5.525008201599121
2.881572961807251
8.653388023376465
3.0522847175598145
8.928951263427734
5.206524848937988
5.661488056182861
1.5359938144683838
1.1976994276046753
0.5309218764305115
0.5987911820411682
0.38364100456237793
0.5621846914291382
1.64957857131958
4.889058589935303
-0.07793593406677246
4.4340901374816895
1.722634196281433
3.9570038318634033
0.7484889626502991
0.0
0.0
0.0
0.0
0.0
0.0
0.0
0.0
0.0
0.0
0.0
0.0
0.0
0.0
0.0
0.0
0.0
0.0
0.0
0.0
0.0
0.0
0.0
0.0
0.0
0.0
0.0
0.0
0.0
0.0
0.0
0.0
0.0
0.0
0.0
0.0
0.0
0.0
0.0
0.0
0.0
0.0
0.0
0.0
0.0
0.0
0.0
0.0
0.0
0.0
0.0
0.0
0.0
0.0
0.0
0.0
0.0
0.0
0.0
0.0
0.0
0.0
0.0
0.0
0.0
0.0
0.0
0.0
0.0
0.0
0.0
0.0
0.0
0.0
0.0
0.0
0.0
0.0
0.0
0.0
0.0
0.0
0.0
0.0
0.0
0.0
0.0
0.0
0.0
0.0
0.0
0.0
0.0
0.0
0.0
0.0
0.0
0.0
0.0
0.0
0.0
0.0
0.0
0.0
0.0
0.0
0.0
0.0
0.0
0.0
0.0
0.0
0.0
0.0
0.0
0.0
0.0
0.0
0.0
0.0
0.0
0.0
0.0
0.0
0.0
0.0
0.0
0.0
0.0
0.0
0.0
0.0
0.0
0.0
0.0
0.0
0.0
0.0
0.0
0.0
0.0
0.0
0.0
0.0
0.0
0.0
0.0
0.0
0.0
0.0
0.0
0.0
0.0
0.0
0.0
0.0
0.0
0.0
0.0
0.0
0.0
0.0
0.0
0.0
0.0
0.0
0.0
0.0
0.0
0.0
0.0
0.0
0.0
0.0
0.0
0.0
0.0
0.0
0.0
0.0
0.0
0.0
0.0
0.0
0.0
0.0
0.0
0.0
0.0
0.0
0.0
0.0
0.0
0.0
0.0
0.0
0.0
0.0
0.0
0.0
0.0
0.0
0.0
0.0
0.0
0.0
0.0
0.0
0.0
0.0
0.0
0.0
0.0
0.0
0.0
0.0
0.0
0.0
0.0
0.0
0.0
0.0
0.0
0.0
0.0
0.0
0.0
0.0
0.0
0.0
0.0
0.0
0.0
0.0
0.0
0.0
0.0
0.0
0.0
0.0
0.0
0.0
0.0
0.0
0.0
0.0
0.0
0.0
0.0
0.0
0.0
0.0
0.0
0.0
0.0
0.0
0.0
0.0
0.0
0.0
0.0
0.0
0.0
0.0
0.0
0.0
0.0
0.0
0.0
0.0
0.0
0.0
0.0
0.0
0.0
0.0
0.0
0.0
0.0
0.0
0.0
0.0
0.0
0.0
0.0
0.0
0.0
0.0
3.030651569366455
12.19029712677002
19.503019332885742
27.266448974609375
27.750322341918945
20.74570655822754
13.84649658203125
5.979190349578857
1.1149890422821045
0.04557671770453453
1.3469562530517578
1.9756883382797241
2.870718240737915
2.337581157684326
1.89115571975708
0.9961258172988892
0.18230687081813812
0.0
0.0
0.0
0.0
0.0
0.0
0.0
0.0
0.0
1.3469562530517578
12.077859878540039
56.82356262207031
116.75507354736328
178.73812866210938
229.85275268554688
229.73025512695312
170.77947998046875
114.29035949707031
58.42452621459961
17.727983474731445
9.176733016967773
44.42023468017578
70.18708038330078
93.76298522949219
91.56694030761719
74.6791000366211
46.20664596557617
21.634077072143555
7.222657203674316
1.5674753189086914
0.1367301493883133
0.0
0.0
0.0
0.0
2.357173442840576
16.59027862548828
49.20063781738281
105.75370025634766
228.48846435546875
374.7804260253906
502.3495178222656
589.8116455078125
587.50537109375
450.3720703125
293.1313781738281
165.9985809326172
106.07970428466797
100.80120086669922
204.14700317382812
309.9384765625
381.9407043457031
381.7672119140625
341.148193359375
249.51914978027344
158.34933471679688
81.65775299072266
31.83336067199707
6.049550533294678
0.36461374163627625
0.0
0.0
6.734781265258789
38.071990966796875
112.07231903076172
216.78317260742188
356.3902587890625
536.2052001953125
703.8518676757812
855.9431762695312
966.144775390625
934.2239379882812
720.09033203125
484.2389831542969
309.546630859375
265.52984619140625
314.499267578125
485.14044189453125
628.4923095703125
737.4066162109375
768.3243408203125
752.501708984375
628.330078125
435.8786926269531
262.99761962890625
140.7556915283203
49.57317352294922
6.106588363647461
0.0
3.3673906326293945
51.38535690307617
152.39747619628906
314.23114013671875
509.91546630859375
693.273681640625
866.6764526367188
1038.5357666015625
1177.1151123046875
1263.2734375
1176.3868408203125
896.663330078125
637.5061645507812
482.6680908203125
464.0807189941406
579.7369384765625
753.3936767578125
910.4814453125
1013.1546630859375
1047.2509765625
1056.270751953125
978.85546875
776.861083984375
520.259765625
294.7945556640625
130.21432495117188
29.598175048828125
2.357173442840576
35.94084930419922
154.9348907470703
351.56341552734375
601.8745727539062
826.5877075195312
1040.329345703125
1192.4945068359375
1240.9443359375
1260.2669677734375
1291.5679931640625
1169.37890625
909.3508911132812
716.3186645507812
650.5545043945312
713.0814819335938
873.4902954101562
1047.8106689453125
1147.509521484375
1169.6561279296875
1224.372314453125
1301.342529296875
1319.078857421875
1118.19482421875
797.1913452148438
480.7820739746094
215.03025817871094
58.98324966430664
18.428115844726562
122.68374633789062
331.3236389160156
618.3767700195312
934.3765869140625
1173.172607421875
1322.0885009765625
1305.54931640625
1214.781494140625
1116.1297607421875
1018.0066528320312
839.4822387695312
628.208984375
567.9154663085938
693.9489135742188
938.229248046875
1162.019287109375
1254.0006103515625
1270.8116455078125
1204.4354248046875
1240.332275390625
1399.8277587890625
1533.0751953125
1388.2755126953125
1073.90625
680.0460205078125
300.8965148925781
76.15888977050781
60.22441101074219
253.46017456054688
566.857666015625
933.7908325195312
1224.258056640625
1380.262939453125
1364.2772216796875
1172.98828125
948.81298828125
713.4412231445312
534.221435546875
382.8763732910156
294.4391174316406
363.3135070800781
680.4949951171875
1048.7669677734375
1322.087158203125
1334.8319091796875
1252.493896484375
1096.0318603515625
1091.26220703125
1264.1614990234375
1449.38525390625
1381.0238037109375
1111.26708984375
741.2883911132812
358.2080993652344
82.88546752929688
85.69139862060547
384.9150390625
787.6460571289062
1187.3001708984375
1400.7955322265625
1399.9163818359375
1223.1942138671875
878.79150390625
543.458251953125
314.3601989746094
163.3885498046875
69.90116882324219
47.112037658691406
195.1259002685547
594.7340087890625
1036.3990478515625
1365.5841064453125
1387.0989990234375
1319.711181640625
1133.716796875
1082.4051513671875
1163.5164794921875
1282.15380859375
1174.7691650390625
940.9063110351562
636.43701171875
293.0994873046875
69.14523315429688
93.56484985351562
447.35162353515625
912.6666259765625
1324.317138671875
1513.740478515625
1411.0721435546875
1066.786376953125
675.87890625
348.3291931152344
154.32858276367188
68.59757995605469
54.28315353393555
79.50969696044922
230.70021057128906
606.3828125
1025.592529296875
1370.1334228515625
1478.4654541015625
1496.82421875
1402.8009033203125
1348.4241943359375
1301.2896728515625
1250.5694580078125
1031.129638671875
734.462158203125
438.0662536621094
185.91224670410156
44.372188568115234
102.02230072021484
444.0521545410156
866.5401000976562
1308.787109375
1495.6500244140625
1414.8216552734375
1134.933349609375
760.5872192382812
483.2920227050781
333.31085205078125
289.52008056640625
300.361572265625
352.4217529296875
471.35467529296875
767.4838256835938
1118.5953369140625
1443.41943359375
1648.9434814453125
1772.362548828125
1786.4716796875
1676.54638671875
1464.7242431640625
1204.7095947265625
857.0222778320312
519.1757202148438
241.09365844726562
90.70813751220703
14.649823188781738
77.083740234375
323.9225769042969
670.618408203125
1086.9649658203125
1360.9971923828125
1416.986083984375
1283.483154296875
1034.2911376953125
828.9385986328125
733.86279296875
696.5802001953125
707.0264282226562
749.8397827148438
815.53564453125
1032.0751953125
1271.7802734375
1506.4276123046875
1724.6593017578125
1926.3973388671875
1972.761962890625
1885.48779296875
1606.4757080078125
1194.836669921875
758.6306762695312
383.20269775390625
123.57835388183594
16.913192749023438
0.36097097396850586
24.454627990722656
182.39625549316406
436.5252990722656
753.5673217773438
1091.6068115234375
1338.0390625
1370.666015625
1280.698974609375
1162.448486328125
1094.0364990234375
1047.2786865234375
1058.2633056640625
1100.5469970703125
1141.4815673828125
1248.526611328125
1365.1552734375
1430.64013671875
1545.1300048828125
1700.7744140625
1800.716796875
1752.134765625
1544.498779296875
1192.3515625
753.466064453125
357.5704650878906
120.96661376953125
21.645641326904297
0.27378395199775696
3.5208892822265625
74.45116424560547
239.3541717529297
463.9935607910156
759.9859619140625
1049.5079345703125
1243.7728271484375
1327.400634765625
1340.6649169921875
1324.470458984375
1270.8818359375
1263.550537109375
1271.516357421875
1289.5107421875
1301.52783203125
1301.7275390625
1265.1978759765625
1266.1455078125
1309.6405029296875
1388.847412109375
1415.513427734375
1340.1552734375
1089.145751953125
739.337158203125
375.8854675292969
145.68411254882812
27.016395568847656
0.21133150160312653
0.0
15.049858093261719
87.19493103027344
203.59507751464844
408.1529846191406
662.992919921875
889.1712646484375
1082.4268798828125
1177.717529296875
1239.1170654296875
1225.73974609375
1222.2940673828125
1192.7484130859375
1164.1336669921875
1107.6890869140625
1043.4019775390625
938.7689819335938
869.02978515625
872.050048828125
932.295654296875
1019.667236328125
1055.9251708984375
900.34619140625
679.8931884765625
399.2981262207031
153.62994384765625
22.518653869628906
0.14168775081634521
0.0
0.4401111602783203
9.837800025939941
49.283599853515625
142.27114868164062
273.4857177734375
426.74725341796875
617.2113037109375
749.606201171875
831.4027709960938
836.9768676757812
812.9639282226562
772.4010620117188
720.0504760742188
643.8435668945312
558.8681640625
459.00335693359375
394.6271667480469
393.41180419921875
444.0931091308594
541.4834594726562
658.4999389648438
596.39208984375
481.3207092285156
329.7242736816406
147.258056640625
27.756532669067383
0.31539425253868103
0.0
0.0
0.0
3.080778121948242
21.332595825195312
62.027103424072266
99.23550415039062
187.7879638671875
254.21798706054688
326.0279541015625
331.105712890625
329.7247314453125
298.54571533203125
254.7926483154297
191.84445190429688
157.43763732910156
114.6813735961914
75.89444732666016
67.05200958251953
87.80210876464844
130.1471710205078
208.94541931152344
199.9636688232422
190.99176025390625
150.83226013183594
79.84049224853516
14.270391464233398
0.0
0.0
0.0
0.0
0.0
0.0
1.7604446411132812
2.821974754333496
14.587516784667969
19.340639114379883
31.90811538696289
31.99686622619629
34.864524841308594
27.435510635375977
17.7607364654541
6.635875701904297
4.437485218048096
2.949855327606201
1.2615770101547241
0.8802223205566406
2.0711541175842285
5.326234340667725
15.61296272277832
12.061368942260742
15.87847900390625
16.093965530395508
10.625992774963379
1.5769712924957275
0.0
0.0
0.0
0.0
0.0
0.0
0.0
0.0
0.0
0.0
0.0
0.0
0.0
0.0
0.0
0.0
0.0
0.0
0.0
0.0
0.0
0.0
0.0
0.0
0.0
0.0
0.0
0.0
0.0
0.0
0.0
0.0
0.0
0.0
0.0
0.0
0.0
0.0
0.0
0.0
0.0
0.0
0.0
0.0
0.0
0.0
0.0
0.0
0.0
0.0
0.0
0.0
0.0
0.0
0.0
0.0
0.0
0.0
0.0
0.0
0.0
0.0
0.0
0.0
0.0
0.0
0.0
0.0
0.0
0.0
0.0
0.0
0.0
0.0
0.0
0.0
0.0
0.0
0.0
0.0
0.0
0.0
0.0
0.0
0.0
0.0
0.0
0.0
0.0
0.0
0.0
0.0
0.0
0.0
0.0
0.0
0.0
0.0
0.0
0.0
0.0
0.0
0.0
0.0
0.0
0.0
0.0
0.0
0.0
0.0
0.0
0.0
0.0
0.0
0.0
0.0
0.0
0.0
0.0
0.0
0.0
0.0
0.0
0.0
0.0
0.0
0.0
0.0
0.0
0.0
0.0
0.0
0.0
0.0
0.0
0.0
0.0
0.0
0.0
0.0
0.0
0.0
0.0
0.0
0.0
0.0
0.0
0.0
0.0
0.0
0.0
0.0
0.0
0.0
0.0
0.0
0.0
0.0
0.0
0.0
0.0
0.0
0.0
0.0
0.0
0.0
0.0
0.0
0.0
0.0
0.0
0.0
0.0
0.0
0.0
0.0
0.0
0.0
0.0
0.0
0.0
0.0
0.0
0.0
0.0
0.0
0.0
0.0
0.0
0.0
0.0
0.0
0.0
0.0
0.0
0.0
0.0
0.0
0.0
0.0
0.0
0.0
0.0
0.0
0.0
0.0
0.0
0.0
0.0
0.0
0.0
0.0
0.0
0.0
0.0
0.0
0.0
0.0
0.0
0.0
0.0
0.0
0.0
0.0
0.0
0.0
0.0
0.0
0.0
0.0
0.0
0.0
0.0
0.0
0.0
0.0
0.0
0.0
0.0
0.0
0.0
0.0
0.0
0.0
0.0
0.0
0.0
0.0
0.0
0.0
0.0
0.0
0.0
0.0
0.0
0.0
0.0
0.0
0.0
0.0
0.0
0.0
0.0
0.0
0.0
0.0
0.0
0.0
0.0
0.0
0.0
0.0
0.0
0.0
0.0
0.0
0.0
0.0
0.0
0.0
0.0
0.0
0.0
0.0
0.0
0.0
0.0
0.0
0.7536792159080505
3.67712664604187
7.332568168640137
11.366902351379395
16.497529983520508
18.5041561126709
15.999173164367676
11.182880401611328
4.125990867614746
0.19673103094100952
0.33496853709220886
0.7782477736473083
1.0839701890945435
1.514482021331787
1.8581267595291138
1.5524044036865234
0.7869241237640381
0.0
0.0
0.0
0.0
0.0
0.0
0.0
0.0
0.0
0.33496853709220886
3.2905118465423584
14.976134300231934
33.64925765991211
56.02894973754883
84.74418640136719
110.98001861572266
104.16201782226562
86.02970123291016
64.80709075927734
30.031888961791992
5.843834400177002
11.962531089782715
25.611909866333008
36.641761779785156
52.101173400878906
61.23093032836914
52.27328872680664
33.21469497680664
14.084615707397461
4.705461502075195
0.5901930928230286
0.0
0.0
0.0
0.0
0.5861949324607849
4.6278767585754395
14.935240745544434
29.85955238342285
51.50126266479492
85.79570770263672
100.50154113769531
105.90611267089844
90.58668518066406
65.12378692626953
44.32329559326172
40.37748336791992
24.224119186401367
28.669145584106445
46.70787811279297
82.57571411132812
102.09521484375
118.47884368896484
110.89795684814453
103.51587677001953
87.25215148925781
72.2186279296875
45.24427032470703
16.533727645874023
1.5738482475280762
0.0
0.0
1.6748427152633667
9.598196029663086
26.013198852539062
47.58500289916992
78.36521911621094
122.89019775390625
141.33572387695312
117.52399444580078
90.070556640625
55.77491760253906
17.13463592529297
14.251904487609863
27.24753761291504
32.766902923583984
50.85940933227539
85.45769500732422
106.23499298095703
91.90242767333984
59.00338363647461
57.990726470947266
69.59878540039062
72.59483337402344
65.2898178100586
63.82150650024414
43.564476013183594
14.093737602233887
0.0
0.8374213576316833
9.769328117370605
28.671369552612305
53.2900505065918
90.61090850830078
121.92719268798828
137.9960479736328
115.40031433105469
93.39749145507812
51.174598693847656
6.7714338302612305
-60.776268005371094
-51.510623931884766
9.989639282226562
71.60716247558594
84.81902313232422
109.13442993164062
102.46537780761719
61.14823532104492
5.682750225067139
-18.259193420410156
-8.451637268066406
12.355476379394531
36.49705505371094
56.18852233886719
39.96089553833008
12.485430717468262
0.5861949324607849
7.576696872711182
24.169984817504883
61.188629150390625
103.30717468261719
129.00120544433594
123.88832092285156
95.5107650756836
80.75791931152344
55.061561584472656
46.832183837890625
34.9002571105957
6.238356113433838
-7.267359733581543
77.17384338378906
111.62425231933594
112.29337310791016
104.13677215576172
104.3976821899414
93.06391906738281
89.48607635498047
89.01873016357422
84.70779418945312
39.00271987915039
38.794578552246094
48.41762161254883
45.15980911254883
10.91861343383789
3.278434991836548
17.648300170898438
63.663814544677734
108.23955535888672
139.08689880371094
141.79856872558594
97.66951751708984
44.44498825073242
31.005779266357422
28.113821029663086
58.02611541748047
38.51308059692383
6.528616905212402
15.121155738830566
97.38903045654297
112.02715301513672
108.83826446533203
43.250186920166016
78.3565902709961
101.09780883789062
132.7264404296875
155.04202270507812
162.49114990234375
99.44695281982422
12.874547004699707
20.195663452148438
23.234487533569336
6.367048263549805
7.538910865783691
40.23732376098633
99.82870483398438
127.60281372070312
128.14459228515625
86.61471557617188
51.83955001831055
22.977798461914062
-17.551969528198242
9.586259841918945
26.89690399169922
27.14249610900879
10.249361991882324
45.99814224243164
85.28295135498047
104.6026611328125
61.975669860839844
26.055992126464844
63.1804084777832
134.9008331298828
180.2066192626953
195.48617553710938
179.79452514648438
86.10391235351562
-18.00054931640625
-18.107410430908203
-5.479928493499756
6.317935943603516
6.404228210449219
64.43053436279297
92.44235229492188
105.96717071533203
88.72189331054688
55.98735427856445
65.4342041015625
56.81433868408203
32.12009811401367
25.24941635131836
5.126562595367432
2.4678030014038086
3.2390246391296387
35.96414566040039
86.19713592529297
115.55838775634766
45.4692268371582
40.213932037353516
49.15113067626953
160.9268035888672
142.69529724121094
140.97203063964844
102.00493621826172
31.008031845092773
-5.941270351409912
-11.760055541992188
27.428695678710938
2.839003086090088
28.052688598632812
68.64672088623047
104.48770904541016
80.85140228271484
47.193416595458984
74.87730407714844
77.89502716064453
101.99881744384766
81.830078125
57.95921325683594
30.042865753173828
27.835678100585938
36.66291046142578
51.627559661865234
140.1461181640625
175.5661163330078
147.92909240722656
83.3320083618164
101.77698516845703
154.3675079345703
153.25204467773438
112.38162994384766
57.641632080078125
53.2071533203125
10.78978443145752
17.830026626586914
15.32436466217041
-3.9541563987731934
20.29728126525879
71.60469818115234
104.31827545166016
61.88945770263672
20.717546463012695
30.097904205322266
71.13507843017578
128.02685546875
109.10794830322266
116.40357971191406
123.07195281982422
126.28792572021484
127.61244201660156
117.1827621459961
170.43179321289062
221.61236572265625
197.0387420654297
159.89459228515625
130.7288818359375
153.6304473876953
132.14306640625
81.59132385253906
60.46770095825195
76.26719665527344
59.5008430480957
43.709632873535156
0.5283912420272827
-2.4494051933288574
-8.0790376663208
50.5585823059082
99.49639129638672
77.54957580566406
59.325523376464844
-8.512088775634766
23.25513458251953
43.40223693847656
82.40933990478516
88.26497650146484
88.49008178710938
94.04557800292969
99.3279800415039
88.49302673339844
94.3780746459961
156.7285614013672
133.59445190429688
129.52442932128906
94.7819595336914
117.99241638183594
70.61620330810547
66.43475341796875
67.81594848632812
80.57300567626953
83.14086151123047
37.811641693115234
9.685190200805664
0.14288721978664398
-5.98141622543335
5.169201374053955
87.8656005859375
88.83172607421875
87.54881286621094
45.77566146850586
27.63509750366211
13.339498519897461
20.076892852783203
46.712711334228516
57.99531936645508
68.6140365600586
81.75598907470703
71.0341796875
33.85309600830078
52.549583435058594
54.3369255065918
36.80433654785156
45.18290328979492
51.37826156616211
44.71900939941406
-2.250304698944092
-17.991710662841797
14.462327003479004
24.697681427001953
11.404485702514648
-2.0779716968536377
-0.17966151237487793
-1.2521616220474243
-12.815794944763184
22.216522216796875
72.9391098022461
95.05703735351562
91.42623138427734
66.67354583740234
51.637020111083984
44.05157470703125
32.105491638183594
30.725664138793945
15.353277206420898
29.845500946044922
31.2598819732666
25.75208282470703
27.430770874023438
33.325950622558594
58.88277816772461
88.18114471435547
82.2923583984375
76.71022033691406
31.444149017333984
-35.12469482421875
-47.05250930786133
-19.66072654724121
-1.0186251401901245
1.9653167724609375
0.13338005542755127
0.0
-5.012852668762207
-14.525788307189941
11.464570045471191
46.18238067626953
88.8489990234375
77.87841796875
74.4619140625
66.75470733642578
72.87751007080078
54.748695373535156
58.60984802246094
64.07736206054688
67.62483215332031
47.051944732666016
37.437171936035156
26.901180267333984
41.03715896606445
73.87570190429688
83.74800109863281
73.24685668945312
79.10472106933594
14.009904861450195
-16.743364334106445
-8.137002944946289
13.83798599243164
6.085301399230957
0.02740994282066822
0.0
-0.15652020275592804
-3.237046003341675
-9.424241065979004
-7.755136489868164
19.717609405517578
31.43336296081543
49.152099609375
52.75594711303711
45.214298248291016
30.17789077758789
18.83495330810547
24.97378921508789
32.16953659057617
18.41908073425293
5.699956893920898
7.640284538269043
3.353573799133301
16.82805061340332
30.38509750366211
36.38082504272461
50.478416442871094
42.778724670410156
-10.581328392028809
2.6931090354919434
5.954802989959717
-1.4030259847640991
-0.05384380742907524
0.0
0.0
0.0
-1.0956413745880127
-5.755140781402588
-8.872217178344727
-1.1646156311035156
-8.478989601135254
18.344629287719727
0.5973711013793945
22.848907470703125
-0.8532353639602661
12.027454376220703
5.620087623596191
12.862075805664062
6.06232213973999
10.942418098449707
-1.9649907350540161
-7.343929290771484
-5.336109161376953
-3.4253950119018555
1.3093421459197998
31.80548667907715
-2.133545398712158
17.754680633544922
-0.6221842765808105
-2.178234100341797
0.0
0.0
0.0
0.0
0.0
0.0
-0.6260808110237122
0.042992398142814636
-3.997714042663574
1.6905035972595215
-3.400395393371582
6.24903678894043
-0.31954246759414673
3.661909341812134
-0.39357900619506836
0.48365917801856995
-0.07271522283554077
0.5744249224662781
-0.21537522971630096
-0.3130404055118561
-0.21328410506248474
-0.9066584706306458
-2.6207003593444824
4.016201972961426
-1.774528980255127
4.037631511688232
-0.4665325880050659
-0.2692190408706665
0.0
0.0
0.0
0.0
0.0
0.0
0.0
0.0
0.0
0.0
0.0
0.0
0.0
0.0
0.0
0.0
0.0
0.0
0.0
0.0
0.0
0.0
0.0
0.0
0.0
0.0
0.0
0.0
0.0
0.0
0.0
0.0
0.0
0.0
0.0
0.0
0.0
0.0
0.0
0.0
0.0
0.0
0.0
0.0
0.0
0.0
0.0
0.0
0.0
0.0
0.0
0.0
0.0
0.0
0.0
0.0
0.0
0.0
0.0
0.0
0.0
0.0
0.0
0.0
0.0
0.0
0.0
0.0
0.0
0.0
0.0
0.0
0.0
0.0
0.0
0.0
0.0
0.0
0.0
0.0
0.0
0.0
0.0
0.0
0.0
0.0
0.0
0.0
0.0
0.0
0.0
0.0
0.0
0.0
0.0
0.0
0.0
0.0
0.0
0.0
0.0
0.0
0.0
0.0
0.0
0.0
0.0
0.0
0.0
0.0
0.0
0.0
0.0
0.0
0.0
0.0
0.0
0.0
0.0
0.0
0.0
0.0
0.0
0.0
0.0
0.0
0.0
0.0
0.0
0.0
0.0
0.0
0.0
0.0
0.0
0.0
0.0
0.0
0.0
0.0
0.0
