0.0
0.0
0.0
0.0
0.0
0.0
0.0
0.0
0.0
0.0
2.0207698345184326
15.601511001586914
50.35801696777344
70.92451477050781
78.23422241210938
75.22476196289062
61.042335510253906
19.901193618774414
2.9881796836853027
0.0
0.0
0.0
0.0
0.0
0.0
0.0
0.0
0.0
0.0
0.0
0.0
0.0
0.0
0.0
0.0
0.0
0.0
2.8868141174316406
29.992767333984375
98.82732391357422
202.04505920410156
310.79425048828125
359.3835754394531
326.7496032714844
250.095458984375
143.1955108642578
60.278236389160156
12.666136741638184
0.37352246046066284
0.0
0.0
0.0
0.0
0.0
0.0
0.0
0.0
0.0
0.0
0.0
0.0
0.0
0.0
0.0
5.773628234863281
42.721683502197266
122.33406066894531
257.195556640625
440.89251708984375
596.3378295898438
684.8384399414062
638.8843383789062
491.564453125
321.1732482910156
184.19749450683594
73.67730712890625
8.420941352844238
0.0
0.0
0.0
0.0
0.0
0.0
0.0
0.0
0.0
0.0
0.0
0.0
0.0
0.0
2.0207698345184326
30.905122756958008
117.19181060791016
273.8331298828125
489.95458984375
717.3405151367188
875.4337768554688
948.2421264648438
919.569580078125
762.7350463867188
525.6581420898438
320.1678161621094
163.49598693847656
42.559635162353516
2.614657163619995
0.0
0.0
0.0
0.0
0.0
0.0
0.0
0.0
0.0
0.0
0.0
0.0
0.0
13.684722900390625
87.2130355834961
240.76881408691406
485.0751953125
754.7322387695312
953.4685668945312
1027.2906494140625
1046.2423095703125
1002.5433959960938
880.4550170898438
717.8557739257812
494.6383972167969
285.9264221191406
117.9527359008789
18.60616683959961
0.0
0.0
0.0
0.0
0.0
0.0
0.0
0.0
0.0
0.0
0.0
0.0
1.1547256708145142
38.65193176269531
166.95445251464844
416.3496398925781
697.86962890625
938.507568359375
1057.4307861328125
1016.5604248046875
951.2374877929688
935.978271484375
898.8748779296875
832.7664184570312
646.0316772460938
411.6978454589844
204.40956115722656
54.838958740234375
1.4940898418426514
0.0
0.0
0.0
0.0
0.0
0.0
0.0
0.0
0.0
0.0
0.0
10.046813011169434
82.59373474121094
291.66864013671875
604.1639404296875
870.4772338867188
1023.8414306640625
990.7359619140625
858.202880859375
722.89111328125
754.4541625976562
842.738525390625
869.18359375
751.7724609375
512.565185546875
273.71905517578125
84.71512603759766
2.6814026832580566
0.0
0.0
0.0
0.0
0.0
0.0
0.0
0.0
0.0
0.0
2.598132848739624
45.91716766357422
187.18824768066406
471.8289489746094
755.1571044921875
952.2023315429688
966.7648315429688
768.7125244140625
553.3807983398438
454.3907470703125
544.9780883789062
745.6096801757812
866.073974609375
820.2107543945312
622.9564208984375
357.60137939453125
141.21209716796875
12.355424880981445
0.0
0.0
0.0
0.0
0.0
0.0
0.0
0.0
0.0
0.0
9.759005546569824
89.03977966308594
316.38568115234375
640.5831298828125
862.2219848632812
946.4218139648438
824.8309326171875
545.1114501953125
292.12213134765625
237.1612548828125
386.7475280761719
679.0715942382812
863.5827026367188
854.6151123046875
697.9739990234375
394.0776672363281
166.68165588378906
17.159107208251953
0.0
0.0
0.0
0.0
0.0
0.0
0.0
0.0
0.0
0.0
14.41498851776123
141.90049743652344
434.5640563964844
760.3848876953125
931.2320556640625
914.8936767578125
677.5725708007812
390.85986328125
127.5910415649414
106.2841796875
328.5715026855469
623.4944458007812
865.612548828125
869.1116943359375
752.9264526367188
440.43524169921875
193.41238403320312
24.050548553466797
0.0
0.0
0.0
0.0
0.0
0.0
0.0
0.0
0.0
0.0
22.736263275146484
208.08685302734375
521.97802734375
834.983642578125
933.2708129882812
867.4608764648438
575.8922729492188
289.4813232421875
49.276947021484375
55.995452880859375
307.4364929199219
597.5436401367188
850.325439453125
855.5040893554688
747.8319702148438
430.9691467285156
178.3556671142578
19.946014404296875
0.0
0.0
0.0
0.0
0.0
0.0
0.0
0.0
0.0
0.0
29.666730880737305
243.88638305664062
520.0580444335938
784.8565063476562
807.0582275390625
725.24365234375
432.3581237792969
181.03514099121094
21.397445678710938
57.78364944458008
319.5838623046875
610.54052734375
872.6145629882812
860.6813354492188
740.2517700195312
429.91259765625
161.6783447265625
13.454595565795898
0.0
0.0
0.0
0.0
0.0
0.0
0.0
0.0
0.0
0.0
31.50559425354004
214.78260803222656
406.0303039550781
611.3888549804688
582.6414184570312
510.53582763671875
294.65899658203125
112.32271575927734
17.75502586364746
77.62635803222656
358.0115051269531
652.2130126953125
893.946044921875
875.7903442382812
716.6458129882812
404.7546081542969
143.10186767578125
8.438780784606934
0.0
0.0
0.0
0.0
0.0
0.0
0.0
0.0
0.0
0.0
27.980894088745117
182.17361450195312
298.21044921875
425.41839599609375
419.647216796875
395.2809143066406
287.7432861328125
181.51446533203125
136.72059631347656
191.68365478515625
444.77166748046875
709.3145141601562
901.3436889648438
878.5103759765625
694.3399047851562
379.0120849609375
120.18557739257812
3.3482542037963867
0.0
0.0
0.0
0.0
0.0
0.0
0.0
0.0
0.0
0.0
17.859819412231445
124.54549407958984
196.36781311035156
276.91326904296875
332.2386779785156
399.7388000488281
444.1278991699219
460.3845520019531
447.5045166015625
483.2154846191406
674.2720947265625
877.3787841796875
952.8551025390625
873.2780151367188
645.153076171875
326.6656494140625
88.24032592773438
1.977816104888916
0.0
0.0
0.0
0.0
0.0
0.0
0.0
0.0
0.0
0.0
6.024714469909668
52.38796615600586
109.10301971435547
206.04713439941406
355.72467041015625
509.14935302734375
656.6434936523438
749.8402709960938
764.521240234375
798.3086547851562
917.5386352539062
1041.7906494140625
1028.1837158203125
855.5733032226562
587.0665893554688
279.16278076171875
60.9036979675293
1.3679555654525757
0.0
0.0
0.0
0.0
0.0
0.0
0.0
0.0
0.0
0.0
0.2833152413368225
12.041289329528809
79.02908325195312
233.9121551513672
466.607421875
670.335693359375
845.8870849609375
935.6033325195312
946.0741577148438
1007.029296875
1108.721923828125
1171.9761962890625
1053.760009765625
813.0189819335938
513.2933349609375
219.0753173828125
31.85645294189453
0.4883973002433777
0.0
0.0
0.0
0.0
0.0
0.0
0.0
0.0
0.0
0.0
1.1547256708145142
36.34650802612305
163.99746704101562
392.6657409667969
638.06396484375
826.623046875
913.9000244140625
920.1414794921875
928.6559448242188
1040.823974609375
1172.669921875
1258.6656494140625
1084.61279296875
796.7429809570312
475.7508850097656
194.5648651123047
17.96497917175293
-0.163144052028656
0.0
0.0
0.0
0.0
0.0
0.0
0.0
0.0
0.0
0.0
1.3863701820373535
52.05939865112305
262.2663269042969
558.835693359375
781.4813842773438
894.632568359375
915.423828125
894.8973999023438
893.6160888671875
1078.0455322265625
1244.3135986328125
1322.4285888671875
1127.3828125
819.311767578125
478.87982177734375
212.48123168945312
38.265220642089844
0.7470449209213257
0.0
0.0
0.0
0.0
0.0
0.0
0.0
0.0
0.0
0.0
2.222201347351074
76.47411346435547
338.96405029296875
657.1819458007812
831.9674072265625
878.0861206054688
818.0548095703125
788.76611328125
829.6495361328125
1062.7099609375
1275.2579345703125
1340.5927734375
1162.2135009765625
873.7857666015625
519.9705200195312
254.00534057617188
69.71963500976562
1.9009851217269897
0.0
0.0
0.0
0.0
0.0
0.0
0.0
0.0
0.0
0.0
2.501115083694458
97.22684478759766
363.77484130859375
662.9439697265625
803.380126953125
840.994384765625
779.2070922851562
809.2208862304688
849.2410888671875
1060.1790771484375
1246.94091796875
1285.02001953125
1124.4537353515625
889.0476684570312
575.0443115234375
307.24676513671875
103.06698608398438
4.61527156829834
0.0
0.0
0.0
0.0
0.0
0.0
0.0
0.0
0.0
0.0
3.402731418609619
112.02198028564453
342.88372802734375
624.9856567382812
787.2014770507812
864.5117797851562
867.539306640625
928.218994140625
942.60205078125
1019.6152954101562
1084.5489501953125
1106.30126953125
991.1557006835938
828.2574462890625
593.7918701171875
352.7634582519531
145.5452117919922
13.121463775634766
0.0
0.0
0.0
0.0
0.0
0.0
0.0
0.0
0.0
0.0
2.5669002532958984
90.19080352783203
279.6083984375
522.6277465820312
724.3802490234375
896.102294921875
999.0059814453125
1053.188232421875
997.348388671875
938.8370971679688
874.0016479492188
804.665283203125
747.087890625
652.2189331054688
479.20220947265625
269.5672607421875
107.18437957763672
9.909673690795898
0.0
0.0
0.0
0.0
0.0
0.0
0.0
0.0
0.0
0.0
1.13326096534729
55.08293533325195
210.79348754882812
382.1726379394531
581.1760864257812
800.7062377929688
932.1951293945312
955.0670166015625
844.87939453125
708.0209350585938
596.6739501953125
516.7941284179688
475.4714660644531
424.6733703613281
347.4884338378906
198.63424682617188
74.47803497314453
8.257080078125
0.0
0.0
0.0
0.0
0.0
0.0
0.0
0.0
0.0
0.0
0.0
22.319242477416992
147.1887969970703
276.52130126953125
427.29541015625
636.2542114257812
745.243896484375
706.981201171875
585.7849731445312
419.6678771972656
314.9209899902344
278.64764404296875
261.388916015625
234.76353454589844
197.92628479003906
113.664794921875
39.85482406616211
5.130277633666992
0.0
0.0
0.0
0.0
0.0
0.0
0.0
0.0
0.0
0.0
0.0
7.024849891662598
80.12730407714844
194.28677368164062
303.9179382324219
435.541015625
497.419189453125
431.2262268066406
321.4297790527344
189.9400634765625
101.78687286376953
98.51771545410156
109.69898223876953
101.7159652709961
90.03118133544922
43.323387145996094
4.8902740478515625
-0.2867957055568695
0.0
0.0
0.0
0.0
0.0
0.0
0.0
0.0
0.0
0.0
0.0
0.8499457240104675
25.476173400878906
97.36219024658203
160.61070251464844
223.53404235839844
238.17044067382812
177.12771606445312
125.2171859741211
56.65182876586914
7.091912269592285
17.985746383666992
18.633617401123047
18.336925506591797
18.28609275817871
5.144913673400879
-0.9814189076423645
-0.20393006503582
0.0
0.0
0.0
0.0
0.0
0.0
0.0
0.0
0.0
0.0
0.0
0.0
2.26652193069458
23.13740348815918
44.45309829711914
60.11701965332031
58.939781188964844
43.72129440307617
22.692949295043945
3.2978029251098633
-1.7216806411743164
0.2425292283296585
0.0756637379527092
0.18997357785701752
0.15447594225406647
-0.040786013007164
0.0
0.0
0.0
0.0
0.0
0.0
0.0
0.0
0.0
0.0
0.0
0.0
0.0
0.0
0.0
0.0
0.0
-0.15833792090415955
-1.7581944465637207
-7.215365886688232
-8.564908027648926
6.802330493927002
11.877127647399902
4.094847202301025
0.4974067807197571
-0.039263032376766205
0.0
0.0
0.0
0.0
0.0
0.0
0.0
0.0
0.0
0.0
0.0
0.0
0.0
0.0
0.0
0.0
0.0
0.0
-0.2261970341205597
-4.107069969177246
-19.55248260498047
-33.0852165222168
-7.109328269958496
8.54128646850586
9.400818824768066
15.472297668457031
10.842523574829102
2.2878944873809814
-0.07156385481357574
-0.004907879047095776
0.0
0.0
0.0
0.0
0.0
0.0
0.0
0.0
0.0
0.0
0.0
0.0
0.0
0.0
0.0
-0.4523940682411194
-6.294772624969482
-29.74517250061035
-48.78841781616211
-47.2298698425293
-33.71531677246094
-21.902597427368164
-32.316162109375
-26.026330947875977
3.888169527053833
7.638190269470215
0.5100395679473877
-0.12601584196090698
0.0
0.0
0.0
0.0
0.0
0.0
0.0
0.0
0.0
0.0
0.0
0.0
0.0
0.0
-0.15833792090415955
-5.79058313369751
-32.31946563720703
-59.13169479370117
-68.87083435058594
-72.80986022949219
-70.3276596069336
-98.767822265625
-84.3123779296875
-62.94573211669922
-46.8712043762207
-20.784807205200195
-2.941263198852539
-0.4000270366668701
-0.034355152398347855
0.0
0.0
0.0
0.0
0.0
0.0
0.0
0.0
0.0
0.0
0.0
0.0
0.0
-2.0639145374298096
-25.378122329711914
-69.75424194335938
-78.84774780273438
-63.685546875
-52.99895095825195
-65.6224594116211
-106.11752319335938
-129.73419189453125
-88.03453063964844
-54.88786315917969
-50.04277038574219
-22.512197494506836
-3.0065395832061768
-0.352059930562973
0.0
0.0
0.0
0.0
0.0
0.0
0.0
0.0
0.0
0.0
0.0
0.0
-0.09047881513834
-10.64660930633545
-58.09735870361328
-87.34664916992188
-61.69418716430664
-24.18449592590332
2.4724693298339844
-36.69314956665039
-91.27165222167969
-109.33480834960938
-104.36802673339844
-68.67924499511719
-48.44633102416992
-45.110225677490234
-15.842682838439941
-2.2151846885681152
-0.019631516188383102
0.0
0.0
0.0
0.0
0.0
0.0
0.0
0.0
0.0
0.0
0.0
-1.3538745641708374
-30.283409118652344
-83.26103210449219
-73.1044692993164
-9.947235107421875
15.554533004760742
20.612157821655273
-7.349409103393555
-56.46240997314453
-66.92637634277344
-53.6933708190918
-60.6378288269043
-47.51251983642578
-60.46645736694336
-45.577884674072266
-10.33152961730957
-0.09670940041542053
0.0
0.0
0.0
0.0
0.0
0.0
0.0
0.0
0.0
0.0
-0.20357733964920044
-9.557710647583008
-59.57278060913086
-83.9685287475586
-20.165647506713867
36.80695343017578
42.90607833862305
2.7022409439086914
-28.402488708496094
-11.903079986572266
-44.24368667602539
-56.67882537841797
-30.554643630981445
-46.55086898803711
-52.444786071777344
-53.05036163330078
-20.90327262878418
-0.9060994386672974
0.0
0.0
0.0
0.0
0.0
0.0
0.0
0.0
0.0
0.0
-2.0396409034729004
-32.12632751464844
-78.93689727783203
-53.39500427246094
17.062660217285156
50.4035530090332
24.61361312866211
-37.94290542602539
-40.76048278808594
-29.416765213012695
-35.7469596862793
-36.08280944824219
-10.947689056396484
-14.524474143981934
-54.83890151977539
-63.29275131225586
-28.58574676513672
-1.4120227098464966
0.0
0.0
0.0
0.0
0.0
0.0
0.0
0.0
0.0
0.0
-6.685343265533447
-56.43876647949219
-90.0453109741211
-31.469858169555664
38.414669036865234
46.792015075683594
-25.396284103393555
-45.60185241699219
-30.279417037963867
-19.360607147216797
-35.15822219848633
-29.338306427001953
0.04964717850089073
-2.9671590328216553
-48.39078903198242
-72.53681182861328
-46.97441101074219
-5.617539882659912
0.0
0.0
0.0
0.0
0.0
0.0
0.0
0.0
0.0
0.0
-10.781599044799805
-69.99369812011719
-73.01993560791016
-12.708307266235352
49.40121841430664
20.216686248779297
-51.6551399230957
-61.3387451171875
-29.31742286682129
-13.103293418884277
-46.905067443847656
-31.57225799560547
-1.868192434310913
19.390422821044922
-50.50004577636719
-73.5821533203125
-44.562252044677734
-4.959810733795166
0.0
0.0
0.0
0.0
0.0
0.0
0.0
0.0
0.0
0.0
-11.323362350463867
-58.65448760986328
-40.34709548950195
5.550389289855957
41.84440231323242
-37.17499542236328
-81.46379852294922
-63.75373840332031
-14.55839729309082
-11.88178539276123
-57.51954650878906
-33.42866897583008
17.515155792236328
30.69182014465332
-44.79700469970703
-75.2003402709961
-52.42253875732422
-7.459497451782227
0.0
0.0
0.0
0.0
0.0
0.0
0.0
0.0
0.0
0.0
-6.87172269821167
-37.60700225830078
-6.19114875793457
27.75350570678711
21.84007453918457
-60.298927307128906
-74.50653076171875
-51.07664108276367
-7.877840995788574
-18.544292449951172
-61.645286560058594
-30.4196834564209
26.98157501220703
41.57854080200195
-49.127906799316406
-64.61361694335938
-36.08108901977539
-3.2007274627685547
0.0
0.0
0.0
0.0
0.0
0.0
0.0
0.0
0.0
0.0
-1.4819869995117188
-6.859486103057861
27.46541404724121
53.871944427490234
43.89470672607422
-43.61558151245117
-47.98667526245117
-22.824357986450195
9.868206024169922
-20.579015731811523
-65.4250259399414
-26.505001068115234
24.760425567626953
26.019855499267578
-50.99374771118164
-73.74359893798828
-39.91741180419922
-3.24084210395813
0.0
0.0
0.0
0.0
0.0
0.0
0.0
0.0
0.0
0.0
1.8430790901184082
15.078866958618164
56.775203704833984
57.078575134277344
13.698336601257324
-33.44508361816406
-35.98405838012695
-15.213253021240234
-3.2209887504577637
-34.10004806518555
-55.1016960144043
-11.419692993164062
31.386886596679688
12.642390251159668
-64.18756866455078
-76.38505554199219
-34.05876541137695
-1.420202612876892
0.0
0.0
0.0
0.0
0.0
0.0
0.0
0.0
0.0
0.0
1.4756462574005127
12.996493339538574
25.419126510620117
-2.0202817916870117
-49.75090408325195
-69.9264907836914
-66.70565032958984
-54.508705139160156
-53.50791549682617
-88.4576416015625
-74.7596435546875
-12.576811790466309
43.25740432739258
3.9535770416259766
-71.46432495117188
-68.48600006103516
-28.719467163085938
-0.9377985000610352
0.0
0.0
0.0
0.0
0.0
0.0
0.0
0.0
0.0
0.0
0.07586734741926193
0.47143420577049255
-23.1257266998291
-66.56907653808594
-79.62944793701172
-70.43280792236328
-82.2810287475586
-107.55457305908203
-133.32876586914062
-125.53331756591797
-103.08550262451172
-46.5705680847168
20.365694046020508
-11.245064735412598
-75.15970611572266
-55.799232482910156
-16.954845428466797
-0.25933218002319336
0.0
0.0
0.0
0.0
0.0
0.0
0.0
0.0
0.0
0.0
-0.09047881513834
-6.7251691818237305
-57.32388687133789
-90.70310974121094
-48.34013366699219
-9.553569793701172
-50.65978240966797
-104.74342346191406
-130.2444305419922
-135.88604736328125
-94.23689270019531
-35.892173767089844
6.475735664367676
-31.49445343017578
-61.063316345214844
-49.533443450927734
-12.539936065673828
-0.3281872570514679
0.0
0.0
0.0
0.0
0.0
0.0
0.0
0.0
0.0
0.0
-0.6752834916114807
-22.685373306274414
-72.88125610351562
-65.43879699707031
11.575133323669434
37.3682861328125
11.318134307861328
-59.08905029296875
-92.82670593261719
-60.73687744140625
-57.981483459472656
-41.40131759643555
-11.157958030700684
-47.82468032836914
-58.91900634765625
-36.64278793334961
-5.207523345947266
-0.009815758094191551
0.0
0.0
0.0
0.0
0.0
0.0
0.0
0.0
0.0
0.0
-1.1952732801437378
-37.23345947265625
-85.0871810913086
-36.62937927246094
48.36721420288086
56.838382720947266
-9.71112060546875
-55.95232009887695
-32.49567794799805
-16.593647003173828
-22.858848571777344
-53.5047492980957
-52.88772201538086
-54.842979431152344
-68.62580108642578
-46.923187255859375
-7.3057050704956055
-0.05571651831269264
0.0
0.0
0.0
0.0
0.0
0.0
0.0
0.0
0.0
0.0
-1.2715976238250732
-36.934043884277344
-61.78482437133789
-25.79965591430664
46.488525390625
13.400837898254395
-72.96440887451172
-107.40202331542969
-42.088401794433594
-11.707679748535156
-44.84629440307617
-93.1041259765625
-85.60714721679688
-63.655723571777344
-64.09217071533203
-59.622711181640625
-16.746213912963867
-0.455574095249176
0.0
0.0
0.0
0.0
0.0
0.0
0.0
0.0
0.0
0.0
-0.3833235800266266
-18.63509178161621
-38.159366607666016
-17.831697463989258
16.16139793395996
-59.318519592285156
-134.45989990234375
-121.4404525756836
-8.845711708068848
-3.0689284801483154
-45.94417953491211
-92.22187042236328
-85.22784423828125
-70.54113006591797
-61.318119049072266
-58.70428466796875
-23.665006637573242
-0.9389340281486511
0.0
0.0
0.0
0.0
0.0
0.0
0.0
0.0
0.0
0.0
0.13666632771492004
-3.6052656173706055
-17.875324249267578
-18.03483009338379
-10.777132987976074
-83.09125518798828
-146.9238739013672
-96.1173095703125
2.3277459144592285
4.970544338226318
-40.85569381713867
-68.18022155761719
-32.02378463745117
-22.813518524169922
-69.57292938232422
-77.77352142333984
-34.70042419433594
-2.133474826812744
0.0
0.0
0.0
0.0
0.0
0.0
0.0
0.0
0.0
0.0
0.30346938967704773
3.844860076904297
-5.221180438995361
-8.609610557556152
-27.617420196533203
-81.44560241699219
-104.55182647705078
-51.38938903808594
1.8908324241638184
2.2358222007751465
-10.600791931152344
-11.47744369506836
2.6314215660095215
8.672148704528809
-34.917022705078125
-64.64971923828125
-41.344688415527344
-4.843123435974121
0.0
0.0
0.0
0.0
0.0
0.0
0.0
0.0
0.0
0.0
0.0
2.5276589393615723
7.065691947937012
12.946941375732422
-4.1834635734558105
-10.343317031860352
-21.447265625
-4.0251665115356445
6.924198627471924
-24.20562171936035
-11.400845527648926
17.17069435119629
34.77029037475586
24.050067901611328
-9.79131031036377
-15.486760139465332
-12.510028839111328
-1.1217325925827026
0.0
0.0
0.0
0.0
0.0
0.0
0.0
0.0
0.0
0.0
0.0
1.4681119918823242
11.449748039245605
32.21571350097656
47.46500778198242
43.940975189208984
54.21827697753906
46.397003173828125
-5.201966762542725
-15.169992446899414
-21.440387725830078
10.18113899230957
46.584896087646484
27.368677139282227
-3.6067655086517334
-21.0904483795166
-14.795649528503418
-2.129195213317871
0.0
0.0
0.0
0.0
0.0
0.0
0.0
0.0
0.0
0.0
0.0
0.2276020348072052
5.997092247009277
23.499608993530273
53.808895111083984
61.470252990722656
51.805999755859375
20.904586791992188
-7.991753578186035
-24.176816940307617
-17.879390716552734
2.7867379188537598
10.945502281188965
7.7116546630859375
-2.3882980346679688
-8.072771072387695
-3.8869547843933105
-0.4102340638637543
0.0
0.0
0.0
0.0
0.0
0.0
0.0
0.0
0.0
0.0
0.0
0.0
0.6069387793540955
6.657525539398193
18.71843719482422
26.27750015258789
16.957216262817383
-4.082350254058838
-15.30355453491211
-12.537164688110352
-3.8459417819976807
-0.0061794668436050415
0.11239269375801086
0.04958212375640869
-0.07178836315870285
-0.08204681426286697
0.0
0.0
0.0
0.0
0.0
0.0
0.0
0.0
0.0
0.0
0.0
0.0
0.0
0.0
0.0
0.0
0.0
-0.3685937821865082
-2.743460178375244
-9.361620903015137
-13.452150344848633
-13.774358749389648
-1.3754727840423584
-1.543105125427246
-0.9853248596191406
-0.25476977229118347
0.0
0.0
0.0
0.0
0.0
0.0
0.0
0.0
0.0
0.0
0.0
0.0
0.0
0.0
0.0
0.0
0.0
0.0
-0.5265625715255737
-6.315523624420166
-24.32935333251953
-55.91050720214844
-58.39921951293945
-29.05625343322754
-27.946348190307617
-6.48313045501709
0.1361645758152008
-1.387464165687561
-0.9909750819206238
-0.031846221536397934
0.0
0.0
0.0
0.0
0.0
0.0
0.0
0.0
0.0
0.0
0.0
0.0
0.0
0.0
0.0
-1.0531251430511475
-8.91584587097168
-35.987403869628906
-86.57013702392578
-113.05236053466797
-92.81582641601562
-65.18217468261719
-45.47551345825195
-26.034151077270508
-7.932348251342773
6.710451602935791
-0.6703444123268127
-0.6037567257881165
0.0
0.0
0.0
0.0
0.0
0.0
0.0
0.0
0.0
0.0
0.0
0.0
0.0
0.0
-0.3685937821865082
-8.366026878356934
-40.213356018066406
-96.04215240478516
-134.836181640625
-141.61817932128906
-116.22187042236328
-83.89982604980469
-74.5734634399414
-45.35333251953125
-25.48362922668457
-9.728391647338867
7.590816497802734
-0.5496153831481934
-0.22292354702949524
0.0
0.0
0.0
0.0
0.0
0.0
0.0
0.0
0.0
0.0
0.0
0.0
0.0
-3.4870314598083496
-31.032262802124023
-94.19052124023438
-149.63314819335938
-153.48629760742188
-144.0928497314453
-109.22100067138672
-95.66389465332031
-91.94464111328125
-51.181922912597656
-22.19996452331543
-31.141979217529297
-2.352688789367676
2.8740673065185547
-0.7869052290916443
0.0
0.0
0.0
0.0
0.0
0.0
0.0
0.0
0.0
0.0
0.0
0.0
-0.21062502264976501
-14.144881248474121
-72.3727798461914
-151.44471740722656
-159.87338256835938
-139.98025512695312
-93.19046020507812
-100.68719482421875
-179.91859436035156
-163.16217041015625
-109.62061309814453
-51.13459396362305
-21.540929794311523
-21.38060188293457
5.520644664764404
0.5413077473640442
-0.12738488614559174
0.0
0.0
0.0
0.0
0.0
0.0
0.0
0.0
0.0
0.0
0.0
-2.398794651031494
-36.001068115234375
-123.39972686767578
-179.17872619628906
-147.31602478027344
-103.80964660644531
-70.12408447265625
-110.52075958251953
-178.6595916748047
-210.51426696777344
-159.923828125
-91.25772094726562
-34.93522262573242
-20.166872024536133
-8.031439781188965
3.3533542156219482
0.22820945084095
0.0
0.0
0.0
0.0
0.0
0.0
0.0
0.0
0.0
0.0
-0.4739063084125519
-13.42340087890625
-75.10448455810547
-173.5404052734375
-171.83119201660156
-108.61521911621094
-59.0150032043457
-67.00426483154297
-91.74713897705078
-167.9611358642578
-230.05982971191406
-206.73788452148438
-117.75074005126953
-39.03634262084961
-26.192232131958008
-14.510233879089355
-1.1456156969070435
-0.7065879106521606
0.0
0.0
0.0
0.0
0.0
0.0
0.0
0.0
0.0
0.0
-3.0540847778320312
-39.59653091430664
-127.75479888916016
-185.67990112304688
-137.2221221923828
-68.25302124023438
-49.625450134277344
-68.19700622558594
-79.02008056640625
-110.47322082519531
-180.60211181640625
-219.40184020996094
-147.8025360107422
-62.07913589477539
-27.417619705200195
-22.61344337463379
1.147125005722046
1.537963628768921
0.0
0.0
0.0
0.0
0.0
0.0
0.0
0.0
0.0
0.0
-7.983931064605713
-72.48509979248047
-162.13771057128906
-174.16444396972656
-109.02593994140625
-47.87444305419922
-55.657527923583984
-55.26122283935547
-42.52981948852539
-46.71150588989258
-147.36666870117188
-209.56991577148438
-153.24143981933594
-73.13123321533203
-38.74219512939453
-38.02616882324219
-7.515129089355469
-0.6306223273277283
0.0
0.0
0.0
0.0
0.0
0.0
0.0
0.0
0.0
0.0
-13.144359588623047
-102.92438507080078
-181.739013671875
-151.64715576171875
-74.87312316894531
-37.51266098022461
-75.22189331054688
-57.211551666259766
-20.213294982910156
-25.311012268066406
-136.88021850585938
-209.394287109375
-155.79197692871094
-74.11621856689453
-18.239639282226562
-33.10948181152344
-3.6710269451141357
0.9752795696258545
0.0
0.0
0.0
0.0
0.0
0.0
0.0
0.0
0.0
0.0
-17.0450439453125
-117.79193878173828
-183.03102111816406
-133.39605712890625
-64.2926025390625
-25.55776596069336
-63.42741394042969
-24.591617584228516
-2.7870378494262695
-23.263473510742188
-135.08164978027344
-207.79454040527344
-139.3058319091797
-66.41101837158203
-35.211341857910156
-47.25471115112305
-14.297918319702148
-1.9607388973236084
0.0
0.0
0.0
0.0
0.0
0.0
0.0
0.0
0.0
0.0
-15.598737716674805
-105.63471221923828
-155.70327758789062
-92.75857543945312
-43.38447189331055
-31.327804565429688
-49.73134994506836
-18.439594268798828
-2.995055675506592
-32.46304702758789
-146.41383361816406
-207.81011962890625
-133.02764892578125
-56.714359283447266
-34.6844482421875
-39.88055419921875
-7.7045488357543945
-0.6476656198501587
0.0
0.0
0.0
0.0
0.0
0.0
0.0
0.0
0.0
0.0
-10.744275093078613
-73.73733520507812
-105.31172180175781
-64.90911102294922
-43.1746940612793
-52.67814636230469
-66.3804931640625
-32.18625259399414
-13.213849067687988
-47.6508674621582
-160.94088745117188
-199.815673828125
-125.63899993896484
-54.61301040649414
-48.65202713012695
-53.25568389892578
-9.61281681060791
-0.539534330368042
0.0
0.0
0.0
0.0
0.0
0.0
0.0
0.0
0.0
0.0
-5.453155517578125
-42.355709075927734
-66.99430847167969
-58.523399353027344
-84.33052062988281
-119.57479858398438
-109.30372619628906
-59.622440338134766
-34.902687072753906
-85.11344909667969
-173.63589477539062
-190.04998779296875
-108.33194732666016
-43.78123474121094
-37.36259460449219
-41.579776763916016
-3.8734095096588135
-0.04225495457649231
0.0
0.0
0.0
0.0
0.0
0.0
0.0
0.0
0.0
0.0
-1.3345286846160889
-13.840873718261719
-39.6395263671875
-81.26730346679688
-146.5731964111328
-160.51702880859375
-123.52594757080078
-90.05548858642578
-71.6252670288086
-122.58241271972656
-197.54653930664062
-175.1116943359375
-88.21043395996094
-28.867534637451172
-43.75532150268555
-32.75554656982422
-6.465999603271484
-0.34170910716056824
0.0
0.0
0.0
0.0
0.0
0.0
0.0
0.0
0.0
0.0
-0.058862730860710144
-2.9724576473236084
-35.21910858154297
-99.56011199951172
-144.5541229248047
-138.58428955078125
-117.48835754394531
-86.93763732910156
-87.7448959350586
-148.2067108154297
-203.22454833984375
-180.0116424560547
-82.89899444580078
-29.85917091369629
-50.06698989868164
-28.640182495117188
-3.8042654991149902
-0.042514704167842865
0.0
0.0
0.0
0.0
0.0
0.0
0.0
0.0
0.0
0.0
-0.21062502264976501
-10.052067756652832
-68.00810241699219
-151.44007873535156
-143.5988311767578
-104.70745849609375
-81.48780059814453
-116.22284698486328
-125.76911926269531
-145.5761260986328
-183.9200897216797
-149.54225158691406
-67.81497955322266
-49.766090393066406
-58.601463317871094
-28.72325325012207
-4.239496231079102
-0.07038912922143936
0.0
0.0
0.0
0.0
0.0
0.0
0.0
0.0
0.0
0.0
-0.8191070556640625
-28.253313064575195
-115.21369934082031
-171.80133056640625
-114.24824523925781
-65.53218841552734
-96.49272918701172
-167.27593994140625
-223.73654174804688
-214.7659454345703
-207.79452514648438
-170.29891967773438
-77.64649963378906
-58.688533782958984
-59.40419006347656
-9.78734302520752
-1.4680830240249634
-0.06369244307279587
0.0
0.0
0.0
0.0
0.0
0.0
0.0
0.0
0.0
0.0
-1.338126301765442
-44.73054122924805
-144.64617919921875
-173.35598754882812
-95.46762084960938
-64.34906005859375
-120.03358459472656
-206.48561096191406
-269.8280029296875
-221.56198120117188
-226.74417114257812
-192.94190979003906
-106.75291442871094
-59.51390075683594
-55.2254753112793
-8.35988712310791
1.9771182537078857
0.06633539497852325
0.0
0.0
0.0
0.0
0.0
0.0
0.0
0.0
0.0
0.0
-1.7565972805023193
-56.458343505859375
-155.1570281982422
-151.2396240234375
-60.526119232177734
-61.483943939208984
-159.47071838378906
-241.7115020751953
-256.6045227050781
-218.6119384765625
-217.19400024414062
-200.61875915527344
-125.0772933959961
-45.95701217651367
-33.35403060913086
-14.14270305633545
1.4997912645339966
-0.04877262935042381
0.0
0.0
0.0
0.0
0.0
0.0
0.0
0.0
0.0
0.0
-1.3835660219192505
-50.76035690307617
-151.70936584472656
-171.18846130371094
-86.06352996826172
-98.5700454711914
-176.63217163085938
-186.03221130371094
-160.35031127929688
-120.54496002197266
-162.3374481201172
-203.07797241210938
-135.2339630126953
-53.32178497314453
-30.19757843017578
-16.878620147705078
-0.8067659735679626
-0.2733639180660248
0.0
0.0
0.0
0.0
0.0
0.0
0.0
0.0
0.0
0.0
-0.8645468354225159
-35.637027740478516
-129.11062622070312
-173.9507598876953
-114.68762969970703
-142.4055938720703
-202.2945556640625
-166.34571838378906
-90.9576416015625
-69.45858764648438
-150.06686401367188
-190.0642852783203
-140.83653259277344
-44.33106231689453
-28.377586364746094
-31.903804779052734
0.9410271048545837
1.7754851579666138
0.0
0.0
0.0
0.0
0.0
0.0
0.0
0.0
0.0
0.0
-0.23545092344284058
-18.10384750366211
-95.82667541503906
-164.09353637695312
-142.1473388671875
-144.4613037109375
-175.7677764892578
-101.14169311523438
-35.0919075012207
-78.18952178955078
-126.7751693725586
-172.22467041015625
-125.27537536621094
-29.82268524169922
-30.080490112304688
-39.543155670166016
-12.748947143554688
-1.5429331064224243
0.0
0.0
0.0
0.0
0.0
0.0
0.0
0.0
0.0
0.0
0.0
-6.635154724121094
-55.87441635131836
-120.34725189208984
-133.01890563964844
-125.44378662109375
-116.65482330322266
-63.989566802978516
-47.15401077270508
-77.56169891357422
-107.20623779296875
-129.99386596679688
-106.25714111328125
-43.66537857055664
-21.606531143188477
-20.570756912231445
-4.574337482452393
-0.34421616792678833
0.0
0.0
0.0
0.0
0.0
0.0
0.0
0.0
0.0
0.0
0.0
-1.7079392671585083
-25.33196449279785
-77.1838150024414
-105.52263641357422
-107.09596252441406
-94.03282165527344
-59.23664474487305
-52.718719482421875
-64.58879852294922
-47.88318634033203
-41.809974670410156
-48.25966262817383
-47.96221923828125
-53.61488723754883
-37.32206726074219
-7.792011737823486
-0.4402835965156555
0.0
0.0
0.0
0.0
0.0
0.0
0.0
0.0
0.0
0.0
0.0
-0.17658819258213043
-6.169785499572754
-32.522613525390625
-62.9796142578125
-81.30332946777344
-85.29051208496094
-70.42090606689453
-62.46759033203125
-45.50830078125
-10.789569854736328
-5.4292802810668945
-9.069130897521973
-12.891401290893555
-18.22929573059082
-10.245467185974121
-1.7501202821731567
-0.08798640966415405
0.0
0.0
0.0
0.0
0.0
0.0
0.0
0.0
0.0
0.0
0.0
0.0
-0.47090184688568115
-5.544146537780762
-15.651122093200684
-28.443185806274414
-41.753238677978516
-42.44251251220703
-29.973669052124023
-11.234368324279785
-1.008162498474121
-0.07646001130342484
-0.08714600652456284
-0.11653011292219162
-0.19868743419647217
-0.01759728230535984
0.0
0.0
0.0
0.0
0.0
0.0
0.0
0.0
0.0
0.0
0.0
0.0
0.0
0.0
0.0
0.0
0.0
-0.15722253918647766
-1.4426661729812622
-5.3075947761535645
-9.895862579345703
-12.516868591308594
-16.68720054626465
-14.475032806396484
-4.906855583190918
-0.7375200986862183
0.0
0.0
0.0
0.0
0.0
0.0
0.0
0.0
0.0
0.0
0.0
0.0
0.0
0.0
0.0
0.0
0.0
0.0
-0.22460363805294037
-2.0404272079467773
-5.225193500518799
-3.477701187133789
-5.116091251373291
-30.09316062927246
-59.92654037475586
-48.476539611816406
-30.983333587646484
-14.18966293334961
-3.125534772872925
-0.09219001233577728
0.0
0.0
0.0
0.0
0.0
0.0
0.0
0.0
0.0
0.0
0.0
0.0
0.0
0.0
0.0
-0.44920727610588074
-3.0919504165649414
-3.7855653762817383
9.214364051818848
29.818588256835938
28.86819076538086
0.22968652844429016
-23.62024688720703
-42.16804885864258
-50.53769302368164
-35.99224090576172
-15.674468994140625
-2.0001208782196045
0.0
0.0
0.0
0.0
0.0
0.0
0.0
0.0
0.0
0.0
0.0
0.0
0.0
0.0
-0.15722253918647766
-0.8619357347488403
2.8474912643432617
20.279090881347656
47.741188049316406
55.7265739440918
35.84793472290039
64.73783874511719
67.03031158447266
24.142770767211914
-22.595020294189453
-40.736148834228516
-24.26370620727539
-8.623780250549316
-0.6453300714492798
0.0
0.0
0.0
0.0
0.0
0.0
0.0
0.0
0.0
0.0
0.0
0.0
0.0
-0.4447258710861206
1.3287453651428223
17.923002243041992
64.34104919433594
92.58242797851562
102.58638000488281
130.4875946044922
165.91903686523438
162.2318572998047
134.31944274902344
43.314144134521484
-21.52921485900879
-29.529224395751953
-18.862152099609375
-4.044325351715088
0.0
0.0
0.0
0.0
0.0
0.0
0.0
0.0
0.0
0.0
0.0
0.0
-0.08984145522117615
0.8042015433311462
15.35742473602295
66.27543640136719
116.51831817626953
131.0277557373047
162.56053161621094
182.48727416992188
206.5486297607422
244.80870056152344
220.02291870117188
148.04550170898438
41.21442794799805
-27.065025329589844
-22.314306259155273
-8.853275299072266
-0.36876004934310913
0.0
0.0
0.0
0.0
0.0
0.0
0.0
0.0
0.0
0.0
0.0
-0.4273947477340698
4.392338275909424
44.774818420410156
120.54335021972656
136.78302001953125
156.80044555664062
175.0442657470703
191.34886169433594
231.32806396484375
240.1134033203125
215.84658813476562
196.77359008789062
105.00020599365234
15.894646644592285
-14.96760082244873
-5.222363471984863
-0.3487127125263214
0.0
0.0
0.0
0.0
0.0
0.0
0.0
0.0
0.0
0.0
-0.20214328169822693
-0.9307588338851929
14.825529098510742
88.88651275634766
136.66819763183594
153.54705810546875
170.5436248779297
142.46694946289062
197.3854522705078
183.7403106689453
176.4844207763672
205.96011352539062
198.60902404785156
138.79254150390625
48.25288391113281
-3.3100171089172363
-6.015904426574707
-2.0417585372924805
0.0
0.0
0.0
0.0
0.0
0.0
0.0
0.0
0.0
0.0
0.037848055362701416
6.705232620239258
59.395545959472656
135.7701873779297
128.6080322265625
135.1361541748047
119.76990509033203
123.89718627929688
132.37152099609375
110.40203857421875
127.90313720703125
167.70904541015625
185.399169921875
163.8964080810547
87.07643127441406
20.213008880615234
-0.5944311022758484
-1.2620543241500854
0.0
0.0
0.0
0.0
0.0
0.0
0.0
0.0
0.0
0.0
1.542966365814209
19.978097915649414
100.552001953125
147.7470703125
142.10476684570312
115.24392700195312
97.28031921386719
102.5887451171875
55.40012741088867
67.7879867553711
99.22057342529297
146.3901824951172
169.06765747070312
145.15240478515625
97.22067260742188
29.8564395904541
14.741389274597168
0.9857878684997559
0.0
0.0
0.0
0.0
0.0
0.0
0.0
0.0
0.0
0.0
3.101170063018799
48.66412353515625
124.7884750366211
163.91888427734375
154.892333984375
106.62680053710938
78.65937805175781
57.431880950927734
33.5581169128418
36.5695686340332
93.4225845336914
132.36795043945312
175.7384796142578
144.47988891601562
117.19912719726562
48.57655715942383
24.2928409576416
2.362903118133545
0.0
0.0
0.0
0.0
0.0
0.0
0.0
0.0
0.0
0.0
10.005864143371582
81.88862609863281
136.00930786132812
192.3654022216797
156.0807342529297
133.66810607910156
81.4698257446289
49.898590087890625
16.542266845703125
16.16419792175293
91.60569763183594
123.6619644165039
173.01695251464844
117.83352661132812
106.8915023803711
55.952640533447266
37.80807113647461
6.295363426208496
0.0
0.0
0.0
0.0
0.0
0.0
0.0
0.0
0.0
0.0
14.496273040771484
89.84091186523438
123.61444091796875
186.3267059326172
142.3196258544922
155.3035430908203
98.99943542480469
51.17143630981445
7.201539993286133
17.27201271057129
98.52184295654297
130.34402465820312
169.75938415527344
107.71896362304688
104.6169662475586
55.8764533996582
29.54657554626465
3.3351120948791504
0.0
0.0
0.0
0.0
0.0
0.0
0.0
0.0
0.0
0.0
14.477617263793945
78.73418426513672
83.14500427246094
132.87484741210938
108.74720764160156
139.6066131591797
72.7335205078125
17.018962860107422
-20.001890182495117
-2.7443065643310547
96.15826416015625
136.20762634277344
160.23243713378906
111.43341827392578
98.89482879638672
44.84730911254883
30.848554611206055
4.5958943367004395
0.0
0.0
0.0
0.0
0.0
0.0
0.0
0.0
0.0
0.0
11.385782241821289
67.88776397705078
60.028743743896484
81.00150299072266
72.88481903076172
92.64458465576172
48.04042434692383
3.8620002269744873
-48.73741912841797
-34.83281326293945
63.458160400390625
114.8834228515625
140.89247131347656
114.75044250488281
93.626708984375
48.02263641357422
27.648067474365234
1.708925724029541
0.0
0.0
0.0
0.0
0.0
0.0
0.0
0.0
0.0
0.0
4.052587032318115
30.852575302124023
22.9720458984375
29.843717575073242
48.95841979980469
72.79901885986328
54.740604400634766
28.346805572509766
11.37781810760498
37.68275833129883
80.24502563476562
115.28611755371094
126.12861633300781
104.78282165527344
90.9518814086914
58.67643737792969
25.80852699279785
0.8481994271278381
0.0
0.0
0.0
0.0
0.0
0.0
0.0
0.0
0.0
0.0
0.19182050228118896
3.3841705322265625
6.239713191986084
27.78443145751953
73.90638732910156
80.49551391601562
74.262451171875
88.51499938964844
108.65412139892578
137.837158203125
140.79052734375
142.06692504882812
130.93923950195312
106.3067398071289
94.69184112548828
57.932498931884766
20.323904037475586
0.4489343762397766
0.0
0.0
0.0
0.0
0.0
0.0
0.0
0.0
0.0
0.0
-0.08984145522117615
-1.0855300426483154
9.48845386505127
56.145606994628906
113.27198028564453
119.68954467773438
146.9696044921875
180.22274780273438
219.38299560546875
249.05323791503906
220.78213500976562
180.03347778320312
122.84478759765625
96.9841537475586
71.91635131835938
37.648311614990234
15.33272647857666
0.5987911820411682
0.0
0.0
0.0
0.0
0.0
0.0
0.0
0.0
0.0
0.0
0.24641618132591248
7.3805460929870605
56.13053894042969
121.84214782714844
131.72584533691406
129.92999267578125
149.666748046875
198.20648193359375
242.15847778320312
280.08135986328125
262.1868591308594
217.6377716064453
137.49124145507812
101.72673034667969
37.34123229980469
15.697071075439453
0.08841869235038757
-0.18438002467155457
0.0
0.0
0.0
0.0
0.0
0.0
0.0
0.0
0.0
0.0
0.10594449937343597
10.363239288330078
87.70398712158203
143.0790252685547
153.88226318359375
143.9864044189453
145.74713134765625
191.38211059570312
210.00390625
248.88192749023438
237.54481506347656
209.71412658691406
168.58892822265625
116.79318237304688
26.84393310546875
3.951387643814087
-4.624450206756592
-0.3126413822174072
0.0
0.0
0.0
0.0
0.0
0.0
0.0
0.0
0.0
0.0
1.060494303703308
33.51091003417969
108.00502014160156
149.40843200683594
152.81764221191406
118.31437683105469
83.22187805175781
139.179931640625
160.40869140625
182.89926147460938
224.0078125
233.99679565429688
196.10533142089844
143.98419189453125
44.14525604248047
2.6167805194854736
-2.3585805892944336
-0.5178402066230774
0.0
0.0
0.0
0.0
0.0
0.0
0.0
0.0
0.0
0.0
1.4915187358856201
48.49470901489258
100.32849884033203
144.4654083251953
149.73211669921875
141.03538513183594
91.04927825927734
140.54611206054688
109.93241882324219
154.17947387695312
218.7874298095703
260.40911865234375
239.76011657714844
184.6996612548828
81.32833099365234
17.75412940979004
-2.3298234939575195
-1.9122596979141235
0.0
0.0
0.0
0.0
0.0
0.0
0.0
0.0
0.0
0.0
1.6319904327392578
48.2217903137207
91.26541137695312
136.6854705810547
158.01571655273438
189.67709350585938
168.59246826171875
164.83499145507812
129.3165740966797
166.40985107421875
196.97654724121094
264.571044921875
244.9191436767578
214.35682678222656
135.50038146972656
56.20509719848633
20.192344665527344
1.344537377357483
0.0
0.0
0.0
0.0
0.0
0.0
0.0
0.0
0.0
0.0
0.7672820091247559
31.780914306640625
81.56654357910156
109.01834106445312
151.77931213378906
244.35882568359375
246.6230926513672
219.7786407470703
178.04605102539062
173.7500457763672
210.79251098632812
198.76315307617188
164.61990356445312
155.63128662109375
127.9151382446289
76.3017349243164
34.470462799072266
3.0969491004943848
0.0
0.0
0.0
0.0
0.0
0.0
0.0
0.0
0.0
0.0
0.0
14.025390625
70.19279479980469
79.15052795410156
129.05804443359375
218.22047424316406
246.37721252441406
225.877197265625
169.56210327148438
161.73495483398438
151.5917205810547
124.25846099853516
103.09957122802734
93.95387268066406
113.28639221191406
66.1749496459961
22.400062561035156
0.8348281383514404
0.0
0.0
0.0
0.0
0.0
0.0
0.0
0.0
0.0
0.0
0.0
4.676762104034424
47.01639938354492
73.31993103027344
100.45037841796875
154.24693298339844
193.3184814453125
160.85084533691406
144.3440399169922
97.9505615234375
60.91727066040039
69.24020385742188
38.13444519042969
34.215782165527344
53.014522552490234
37.815982818603516
24.94268798828125
3.8545196056365967
0.0
0.0
0.0
0.0
0.0
0.0
0.0
0.0
0.0
0.0
0.0
0.5754615068435669
16.575590133666992
50.16004943847656
61.01165008544922
88.08474731445312
100.22331237792969
88.13848114013672
84.42439270019531
41.34043884277344
30.504484176635742
16.857290267944336
3.0895493030548096
7.281237602233887
6.899779796600342
9.647071838378906
6.352168560028076
0.7484889626502991
0.0
0.0
0.0
0.0
0.0
0.0
0.0
0.0
0.0
0.0
0.0
0.0
1.5345640182495117
14.382143020629883
18.121837615966797
22.695960998535156
18.60769271850586
25.136693954467773
24.725452423095703
16.301889419555664
6.869131088256836
0.3415182828903198
-0.10254867374897003
0.16669438779354095
-0.016967328265309334
0.14969779551029205
0.0
0.0
0.0
0.0
0.0
0.0
0.0
0.0
0.0
0.0
0.0
0.0
0.0
0.0
0.0
0.0
0.0
2.357173442840576
16.59027862548828
47.77069091796875
46.37673568725586
45.77308654785156
36.906639099121094
17.074922561645508
3.7241668701171875
0.36461374163627625
0.0
0.0
0.0
0.0
0.0
0.0
0.0
0.0
0.0
0.0
0.0
0.0
0.0
0.0
0.0
0.0
0.0
0.0
3.3673906326293945
35.153202056884766
109.20600891113281
211.86761474609375
270.1379089355469
255.3626708984375
189.0488739013672
128.66493225097656
56.51149368286133
14.870701789855957
1.7074863910675049
0.04557671770453453
0.0
0.0
0.0
0.0
0.0
0.0
0.0
0.0
0.0
0.0
0.0
0.0
0.0
0.0
0.0
6.734781265258789
48.7598762512207
144.37135314941406
308.9070129394531
503.97149658203125
606.6668701171875
634.100341796875
538.0408325195312
358.3930358886719
202.371826171875
90.15170288085938
20.91519546508789
1.276471734046936
0.0
0.0
0.0
0.0
0.0
0.0
0.0
0.0
0.0
0.0
0.0
0.0
0.0
0.0
2.357173442840576
41.48511505126953
160.24774169921875
350.00396728515625
596.44921875
835.6908569335938
1001.4104614257812
1066.163818359375
976.8018188476562
709.2092895507812
424.6636047363281
221.11204528808594
85.79869842529297
11.98854923248291
0.3190370202064514
0.0
0.0
0.0
0.0
0.0
0.0
0.0
0.0
0.0
0.0
0.0
0.0
0.0
18.428115844726562
128.26332092285156
334.3146057128906
617.9730224609375
933.9762573242188
1182.4669189453125
1361.494140625
1444.5390625
1357.6329345703125
1099.07763671875
739.3451538085938
414.666015625
191.5799102783203
50.69712448120117
4.013016700744629
0.0
0.0
0.0
0.0
0.0
0.0
0.0
0.0
0.0
0.0
0.0
0.0
1.3469562530517578
61.39181137084961
261.31439208984375
572.3101196289062
919.2982788085938
1220.1243896484375
1381.486572265625
1450.79833984375
1539.4793701171875
1575.0880126953125
1397.125732421875
1083.892333984375
688.754638671875
336.0029602050781
125.187744140625
20.08294677734375
0.18230687081813812
0.0
0.0
0.0
0.0
0.0
0.0
0.0
0.0
0.0
0.0
0.0
13.128052711486816
136.9293670654297
436.7911071777344
832.7866821289062
1158.566650390625
1345.8104248046875
1358.4754638671875
1311.89794921875
1328.4144287109375
1421.7413330078125
1448.5206298828125
1283.5830078125
948.4336547851562
531.793701171875
209.15438842773438
49.451602935791016
1.3230193853378296
0.0
0.0
0.0
0.0
0.0
0.0
0.0
0.0
0.0
0.0
3.030651569366455
64.05249786376953
273.0088806152344
657.2997436523438
1035.6807861328125
1255.945556640625
1315.6766357421875
1149.6434326171875
954.3822631835938
908.986083984375
1100.1610107421875
1334.584228515625
1361.5858154296875
1108.7071533203125
728.4137573242188
325.78765869140625
84.79923248291016
3.490393877029419
0.0
0.0
0.0
0.0
0.0
0.0
0.0
0.0
0.0
0.0
14.553230285644531
151.79310607910156
463.5966491699219
883.7055053710938
1137.0638427734375
1237.885986328125
1150.6632080078125
850.2465209960938
562.4760131835938
495.2685546875
773.5112915039062
1138.935302734375
1338.7200927734375
1211.912841796875
883.6143798828125
441.1550598144531
132.29446411132812
10.474353790283203
0.0
0.0
0.0
0.0
0.0
0.0
0.0
0.0
0.0
0.0
29.401323318481445
256.4307556152344
642.8517456054688
1048.7952880859375
1211.570556640625
1192.187744140625
945.0763549804688
612.5008544921875
285.34716796875
239.85435485839844
598.3275146484375
1014.1613159179688
1290.09375
1213.838623046875
965.7197875976562
528.3062133789062
179.31674194335938
16.464134216308594
0.0
0.0
0.0
0.0
0.0
0.0
0.0
0.0
0.0
0.0
45.20717239379883
366.8168029785156
804.4202880859375
1187.9644775390625
1246.2449951171875
1107.4146728515625
783.894775390625
430.7234191894531
146.78907775878906
127.39984130859375
531.7066040039062
958.6786499023438
1253.560546875
1216.405029296875
996.8466186523438
561.365478515625
200.13754272460938
20.210124969482422
0.0
0.0
0.0
0.0
0.0
0.0
0.0
0.0
0.0
0.0
57.49628448486328
441.31597900390625
863.1393432617188
1195.7208251953125
1187.86669921875
1021.86572265625
656.8441162109375
289.7542419433594
56.01563262939453
96.68975830078125
529.6215209960938
951.8214111328125
1239.5784912109375
1176.4349365234375
986.3967895507812
579.3023071289062
211.30593872070312
21.923891067504883
0.0
0.0
0.0
0.0
0.0
0.0
0.0
0.0
0.0
0.0
56.71631622314453
399.0463562011719
742.16455078125
1020.8201293945312
1001.0367431640625
875.1024169921875
546.6653442382812
211.51614379882812
30.208335876464844
130.14431762695312
572.6821899414062
988.7974853515625
1241.9500732421875
1174.9351806640625
957.5972900390625
548.7909545898438
187.8278350830078
15.913684844970703
0.0
0.0
0.0
0.0
0.0
0.0
0.0
0.0
0.0
0.0
43.97414779663086
304.7487487792969
543.06640625
750.9927978515625
791.1435546875
722.537353515625
485.5338439941406
224.7646484375
87.30815124511719
207.60208129882812
635.480712890625
1040.3114013671875
1244.1990966796875
1157.2470703125
919.0250244140625
507.94989013671875
170.97198486328125
13.490574836730957
0.0
0.0
0.0
0.0
0.0
0.0
0.0
0.0
0.0
0.0
27.197965621948242
197.72239685058594
356.092041015625
498.8345031738281
596.0796508789062
659.3167114257812
589.7122192382812
443.6162414550781
319.7416687011719
433.01702880859375
805.3081665039062
1144.2672119140625
1251.1453857421875
1134.9761962890625
862.6945190429688
445.2806701660156
130.22154235839844
5.345760822296143
0.0
0.0
0.0
0.0
0.0
0.0
0.0
0.0
0.0
0.0
9.328413009643555
81.42281341552734
178.39767456054688
320.8502197265625
521.2362670898438
706.9669799804688
784.375244140625
775.5300903320312
735.533935546875
823.3828735351562
1080.8568115234375
1306.3988037109375
1302.290771484375
1121.4385986328125
811.27001953125
405.73516845703125
101.78936004638672
2.673654079437256
0.0
0.0
0.0
0.0
0.0
0.0
0.0
0.0
0.0
0.0
0.4401111602783203
17.604650497436523
136.3411102294922
350.8659973144531
616.343505859375
856.3563842773438
1049.9765625
1154.6512451171875
1134.7989501953125
1214.9705810546875
1372.77001953125
1456.2186279296875
1331.971435546875
1092.9619140625
737.635009765625
345.9466857910156
76.32491302490234
1.828328013420105
0.0
0.0
0.0
0.0
0.0
0.0
0.0
0.0
0.0
0.0
1.3469562530517578
49.81132888793945
247.46987915039062
545.6474609375
843.2341918945312
1096.760009765625
1267.4307861328125
1397.2467041015625
1463.9346923828125
1543.3994140625
1647.9920654296875
1622.67529296875
1340.653076171875
1026.93505859375
655.2910766601562
273.8811340332031
51.53718185424805
1.2615770101547241
0.0
0.0
0.0
0.0
0.0
0.0
0.0
0.0
0.0
0.0
3.025881052017212
104.01707458496094
416.9090576171875
792.7966918945312
1030.8380126953125
1198.3896484375
1303.4031982421875
1436.0135498046875
1533.5850830078125
1725.0263671875
1866.21533203125
1806.5894775390625
1426.0657958984375
1022.514404296875
600.7239990234375
232.06832885742188
29.969261169433594
0.09115343540906906
0.0
0.0
0.0
0.0
0.0
0.0
0.0
0.0
0.0
0.0
4.58613920211792
153.00120544433594
546.9401245117188
949.5071411132812
1106.9273681640625
1190.9373779296875
1174.4163818359375
1264.5816650390625
1405.7431640625
1663.904541015625
1891.3419189453125
1895.0845947265625
1525.6983642578125
1080.0826416015625
611.895263671875
242.80886840820312
41.25745391845703
0.7298747897148132
0.0
0.0
0.0
0.0
0.0
0.0
0.0
0.0
0.0
0.0
5.343940734863281
188.82447814941406
638.7332153320312
1021.5219116210938
1104.9033203125
1107.63134765625
1034.7978515625
1096.76318359375
1220.755126953125
1506.7210693359375
1818.6904296875
1893.04248046875
1579.853271484375
1154.546142578125
688.7174682617188
287.9905700683594
65.80277252197266
1.9279892444610596
0.0
0.0
0.0
0.0
0.0
0.0
0.0
0.0
0.0
0.0
5.4254608154296875
192.9905548095703
624.6904296875
1018.5155029296875
1141.472412109375
1199.2718505859375
1143.815673828125
1129.8438720703125
1171.6363525390625
1366.37353515625
1622.2034912109375
1770.9906005859375
1576.5233154296875
1198.4644775390625
795.7391967773438
380.2846984863281
100.60760498046875
4.823328495025635
0.0
0.0
0.0
0.0
0.0
0.0
0.0
0.0
0.0
0.0
3.8652024269104004
147.886474609375
525.7638549804688
926.1695556640625
1148.816162109375
1334.51708984375
1394.431640625
1341.49853515625
1262.5989990234375
1295.78662109375
1385.4896240234375
1489.2960205078125
1377.205810546875
1110.2314453125
789.224365234375
420.3334045410156
134.52171325683594
10.719573020935059
0.0
0.0
0.0
0.0
0.0
0.0
0.0
0.0
0.0
0.0
1.7604446411132812
86.55410766601562
376.369140625
739.8598022460938
1036.5374755859375
1341.81689453125
1497.6343994140625
1400.458251953125
1215.7613525390625
1105.8258056640625
1062.71337890625
1054.8297119140625
993.8111572265625
851.123046875
667.526123046875
385.16754150390625
124.5870361328125
9.611637115478516
0.0
0.0
0.0
0.0
0.0
0.0
0.0
0.0
0.0
0.0
0.0
34.225730895996094
239.61000061035156
524.0023193359375
811.8652954101562
1164.4327392578125
1344.46630859375
1227.72998046875
1004.3034057617188
775.73291015625
622.4901733398438
588.6134643554688
588.6961059570312
551.9915771484375
485.9109191894531
298.57568359375
96.48889923095703
7.7207746505737305
0.0
0.0
0.0
0.0
0.0
0.0
0.0
0.0
0.0
0.0
0.0
10.820902824401855
124.31398010253906
333.4833068847656
569.0237426757812
829.7305297851562
998.7862548828125
900.5872192382812
674.7284545898438
447.7317810058594
264.3328552246094
222.39869689941406
220.11634826660156
220.0345916748047
243.12037658691406
183.4506378173828
75.35438537597656
9.22408390045166
0.0
0.0
0.0
0.0
0.0
0.0
0.0
0.0
0.0
0.0
0.0
1.320333480834961
39.444358825683594
154.74478149414062
285.2775573730469
430.1859436035156
522.3623657226562
465.007568359375
361.1131286621094
216.97010803222656
90.9407958984375
41.5386962890625
32.672523498535156
36.53949737548828
46.77571487426758
40.335453033447266
15.672300338745117
1.5769712924957275
0.0
0.0
0.0
0.0
0.0
0.0
0.0
0.0
0.0
0.0
0.0
0.0
3.5208892822265625
36.18377685546875
73.08499908447266
106.72785186767578
124.38685607910156
131.1167449951172
107.25530242919922
56.30880355834961
14.930205345153809
0.7555054426193237
0.15535476803779602
0.37190747261047363
0.42206960916519165
0.31539425253868103
0.0
0.0
0.0
0.0
0.0
0.0
0.0
0.0
0.0
0.0
0.0
0.0
0.0
0.0
0.0
0.0
0.0
0.5861949324607849
4.6278767585754395
14.765972137451172
21.287412643432617
24.068998336791992
34.72864532470703
30.909358978271484
10.580588340759277
1.5738482475280762
0.0
0.0
0.0
0.0
0.0
0.0
0.0
0.0
0.0
0.0
0.0
0.0
0.0
0.0
0.0
0.0
0.0
0.0
0.8374213576316833
8.155029296875
24.805614471435547
45.29951477050781
74.75200653076172
91.55919647216797
99.49476623535156
77.88148498535156
58.983154296875
29.742462158203125
6.6834940910339355
0.19673103094100952
0.0
0.0
0.0
0.0
0.0
0.0
0.0
0.0
0.0
0.0
0.0
0.0
0.0
0.0
0.0
1.6748427152633667
11.697102546691895
28.36589241027832
55.33487319946289
92.418212890625
92.78878021240234
90.70220184326172
80.5709228515625
77.89222717285156
68.2736587524414
56.670249938964844
29.509279251098633
4.148421287536621
0.0
0.0
0.0
0.0
0.0
0.0
0.0
0.0
0.0
0.0
0.0
0.0
0.0
0.0
0.5861949324607849
7.0920891761779785
23.728900909423828
62.09971237182617
104.60089874267578
134.9210205078125
115.68604278564453
58.71916198730469
53.878746032714844
67.41836547851562
64.21055603027344
62.239234924316406
38.993778228759766
16.20986557006836
1.3771171569824219
0.0
0.0
0.0
0.0
0.0
0.0
0.0
0.0
0.0
0.0
0.0
0.0
0.0
3.278434991836548
19.602445602416992
60.491397857666016
102.90919494628906
138.237060546875
140.57505798339844
110.60882568359375
70.9599609375
30.97344398498535
-9.451589584350586
29.18285369873047
66.19519805908203
66.00430297851562
35.05440902709961
7.791996955871582
0.0
0.0
0.0
0.0
0.0
0.0
0.0
0.0
0.0
0.0
0.0
0.0
0.33496853709220886
7.900957107543945
43.165889739990234
105.52330780029297
119.21160125732422
122.40510559082031
94.70094299316406
79.16056060791016
90.32928466796875
78.30303192138672
23.850919723510742
9.98298454284668
36.73884582519531
69.67984771728516
43.607635498046875
15.862048149108887
0.7869241237640381
0.0
0.0
0.0
0.0
0.0
0.0
0.0
0.0
0.0
0.0
0.0
2.519402027130127
20.952468872070312
84.21503448486328
116.18829345703125
129.70242309570312
92.48602294921875
49.741249084472656
73.36962127685547
94.93276977539062
125.66160583496094
81.22086334228516
2.603665351867676
25.72334861755371
46.29399108886719
49.96254348754883
11.972026824951172
0.2650091052055359
0.0
0.0
0.0
0.0
0.0
0.0
0.0
0.0
0.0
0.0
0.7536792159080505
10.763766288757324
56.157535552978516
114.87249755859375
132.5108642578125
109.20538330078125
39.31770324707031
19.668848037719727
-11.307304382324219
82.27465057373047
133.70648193359375
124.51451873779297
37.30580139160156
8.896665573120117
43.332611083984375
61.79379653930664
35.58834457397461
5.143681526184082
0.0
0.0
0.0
0.0
0.0
0.0
0.0
0.0
0.0
0.0
1.9421297311782837
18.025924682617188
80.02896881103516
116.54869079589844
137.65931701660156
47.85333251953125
29.760902404785156
26.631912231445312
3.5511860847473145
56.37112808227539
105.22671508789062
131.1122589111328
78.4925537109375
11.927929878234863
37.02277755737305
49.84352111816406
22.72298240661621
0.8610242605209351
0.0
0.0
0.0
0.0
0.0
0.0
0.0
0.0
0.0
0.0
2.5295932292938232
42.75125503540039
92.81684112548828
111.47438049316406
86.94052124023438
42.04060745239258
50.747642517089844
30.751977920532227
24.7111873626709
4.53579044342041
89.2182388305664
133.4447784423828
92.60125732421875
21.03086280822754
28.45511817932129
60.940914154052734
33.32966613769531
5.280509948730469
0.0
0.0
0.0
0.0
0.0
0.0
0.0
0.0
0.0
0.0
8.739176750183105
66.98460388183594
112.85842895507812
103.31472778320312
29.162466049194336
31.027294158935547
46.48310852050781
49.493045806884766
10.025345802307129
-1.7942326068878174
72.78244018554688
140.12567138671875
91.1128921508789
30.433870315551758
13.381770133972168
39.613372802734375
11.912906646728516
-0.012448370456695557
0.0
0.0
0.0
0.0
0.0
0.0
0.0
0.0
0.0
0.0
10.551090240478516
62.31798553466797
114.94801330566406
66.1670913696289
0.7061179280281067
-17.955263137817383
14.464102745056152
14.089452743530273
-1.9335289001464844
11.802925109863281
72.85396575927734
148.7106170654297
91.75662994384766
44.767704010009766
18.494565963745117
52.385826110839844
23.823932647705078
2.6431641578674316
0.0
0.0
0.0
0.0
0.0
0.0
0.0
0.0
0.0
0.0
7.514875411987305
50.85161590576172
102.94290161132812
37.44336700439453
-19.105844497680664
-55.59933090209961
1.306474208831787
11.781279563903809
3.5605087280273438
14.599043846130371
80.49295043945312
148.22482299804688
87.46748352050781
52.21903991699219
23.758581161499023
53.879634857177734
19.263383865356445
0.7458778023719788
0.0
0.0
0.0
0.0
0.0
0.0
0.0
0.0
0.0
0.0
4.32636833190918
44.62659454345703
95.91317749023438
31.669904708862305
20.284875869750977
-0.569636344909668
55.849853515625
49.520633697509766
51.51627731323242
69.06253051757812
109.4835433959961
147.53237915039062
65.84313201904297
35.06126403808594
25.359554290771484
61.381080627441406
15.514395713806152
-0.874514102935791
0.0
0.0
0.0
0.0
0.0
0.0
0.0
0.0
0.0
0.0
-2.5167672634124756
5.192052841186523
57.06686782836914
26.387821197509766
46.020973205566406
49.62905502319336
103.08428955078125
106.72354888916016
107.60308837890625
135.35157775878906
172.54103088378906
195.89553833007812
93.53604888916016
30.304269790649414
25.75275421142578
38.82311248779297
3.310459613800049
-0.5600802898406982
0.0
0.0
0.0
0.0
0.0
0.0
0.0
0.0
0.0
0.0
-2.9780898094177246
-16.078779220581055
15.767318725585938
30.600271224975586
71.66992950439453
95.53528594970703
103.23594665527344
77.81818389892578
77.18604278564453
115.77125549316406
179.54827880859375
179.1484375
96.87187957763672
25.482257843017578
25.79877281188965
30.457860946655273
7.291440486907959
0.4277847707271576
0.0
0.0
0.0
0.0
0.0
0.0
0.0
0.0
0.0
0.0
-0.15652020275592804
-1.2529891729354858
15.572335243225098
55.280242919921875
88.38380432128906
106.4275894165039
99.31319427490234
60.61355972290039
32.51005172729492
59.913246154785156
146.69692993164062
159.6229705810547
73.70125579833984
28.729394912719727
27.664066314697266
29.789180755615234
0.6552607417106628
-0.10573545843362808
0.0
0.0
0.0
0.0
0.0
0.0
0.0
0.0
0.0
0.0
0.33496853709220886
9.099605560302734
51.2869758605957
108.20044708251953
112.40086364746094
116.68174743652344
87.01611328125
64.8859634399414
41.248870849609375
41.9567756652832
95.76577758789062
121.26382446289062
72.79723358154297
41.581138610839844
56.994285583496094
47.47282791137695
2.252859592437744
-0.21537522971630096
0.0
0.0
0.0
0.0
0.0
0.0
0.0
0.0
0.0
0.0
0.007138073444366455
7.589041233062744
71.27120208740234
118.72430419921875
110.34086608886719
66.27841186523438
95.3267593383789
133.85763549804688
144.0598907470703
121.83405303955078
141.0498504638672
130.066650390625
81.90113067626953
42.52315902709961
83.07019805908203
47.56049346923828
11.112449645996094
0.39346206188201904
0.0
0.0
0.0
0.0
0.0
0.0
0.0
0.0
0.0
0.0
0.9199283123016357
28.123184204101562
76.68680572509766
106.5243148803711
56.04087448120117
32.934627532958984
86.17385864257812
141.8019256591797
173.2024688720703
147.53207397460938
150.6943359375
126.3408203125
72.75199127197266
40.99986267089844
76.10063171386719
46.8725700378418
12.460773468017578
0.4276010990142822
0.0
0.0
0.0
0.0
0.0
0.0
0.0
0.0
0.0
0.0
1.194216251373291
38.34342956542969
90.2820053100586
105.1060562133789
2.241114616394043
2.4434640407562256
90.35838317871094
167.55555725097656
188.7840576171875
154.94888305664062
130.40188598632812
125.91944122314453
46.932464599609375
8.642898559570312
48.42644500732422
48.62833786010742
17.77189064025879
1.3186933994293213
0.0
0.0
0.0
0.0
0.0
0.0
0.0
0.0
0.0
0.0
0.8959658741950989
26.375368118286133
92.42149353027344
110.97232055664062
32.97797393798828
19.263526916503906
136.79678344726562
159.7858123779297
167.89520263671875
97.67723083496094
74.47972106933594
91.68858337402344
40.60768508911133
-22.522064208984375
15.541171073913574
46.31181335449219
31.55978012084961
4.2831244468688965
0.0
0.0
0.0
0.0
0.0
0.0
0.0
0.0
0.0
0.0
-0.016824305057525635
9.046799659729004
84.97559356689453
105.12126922607422
42.82011032104492
21.440383911132812
123.44544219970703
130.8607635498047
106.7061538696289
52.203269958496094
85.04837799072266
75.77536010742188
56.10359573364258
-36.398338317871094
-30.848133087158203
-3.8016433715820312
-6.27351713180542
-2.664832830429077
0.0
0.0
0.0
0.0
0.0
0.0
0.0
0.0
0.0
0.0
-0.6260808110237122
-4.855727672576904
58.93130111694336
103.21546936035156
72.5535888671875
16.988689422607422
59.8813362121582
44.35464859008789
-8.895768165588379
-3.4006474018096924
51.311561584472656
111.63661193847656
78.41458129882812
-26.222795486450195
-31.056764602661133
10.527813911437988
11.398452758789062
2.7342681884765625
0.0
0.0
0.0
0.0
0.0
0.0
0.0
0.0
0.0
0.0
0.0
-3.9428210258483887
23.01090431213379
105.2153091430664
89.6902847290039
45.74855041503906
45.674442291259766
-12.125732421875
-21.74574089050293
-13.557196617126465
26.621192932128906
74.04960632324219
71.75080108642578
19.572731018066406
-20.662128448486328
7.647985458374023
2.5250165462493896
0.9223744869232178
0.0
0.0
0.0
0.0
0.0
0.0
0.0
0.0
0.0
0.0
0.0
-2.829982042312622
-7.819070816040039
57.6090202331543
80.54134368896484
62.270111083984375
35.55000686645508
14.398247718811035
-2.091451644897461
14.491394996643066
10.96786880493164
-5.419776439666748
19.977619171142578
14.517943382263184
4.4369988441467285
16.850069046020508
-3.3428261280059814
-1.3167331218719482
0.0
0.0
0.0
0.0
0.0
0.0
0.0
0.0
0.0
0.0
0.0
-0.4695606231689453
-10.527387619018555
-4.5257673263549805
27.738874435424805
24.22563362121582
22.221637725830078
20.657020568847656
-2.664461851119995
22.279048919677734
-4.463224411010742
-9.873465538024902
5.329868793487549
-0.8255969285964966
6.206068515777588
4.262833118438721
-1.3280335664749146
-0.2692190408706665
0.0
0.0
0.0
0.0
0.0
0.0
0.0
0.0
0.0
0.0
0.0
0.0
-1.2521616220474243
-10.096240043640137
-3.959641695022583
-1.8035967350006104
10.950355529785156
10.609603881835938
8.351879119873047
2.892362594604492
-2.279365062713623
-0.21036401391029358
0.2063983529806137
-0.1617850363254547
0.19745004177093506
-0.05384380742907524
0.0
0.0
0.0
0.0
0.0
0.0
0.0
