1103.86767578125
2090.848876953125
2072.67822265625
1393.1224365234375
286.64923095703125
1149.269775390625
1185.3892822265625
1496.966552734375
1596.969482421875
314.80859375
716.6949462890625
1763.416259765625
2567.6337890625
1660.9373779296875
248.09576416015625
1100.760009765625
2624.49658203125
3028.0419921875
1631.767578125
256.8354797363281
827.4646606445312
1780.5423583984375
1687.7633056640625
814.773681640625
120.2769775390625
294.29736328125
189.96661376953125
477.818359375
499.3097839355469
503.1412658691406
130.48724365234375
342.30633544921875
905.5360107421875
368.16888427734375
535.4752197265625
276.2650146484375
596.79638671875
1047.071044921875
684.967529296875
584.96533203125
319.3230285644531
475.20721435546875
817.3265991210938
836.747802734375
629.4203491210938
97.09346771240234
219.04864501953125
491.619140625
401.85675048828125
333.6513671875
274.67706298828125
298.6502380371094
32.469364166259766
115.80224609375
0.0
309.8690185546875
33.2173957824707
158.45779418945312
65.81293487548828
7.0601420402526855
140.15643310546875
110.98637390136719
314.5310974121094
0.0
40.56840133666992
272.2938537597656
315.0039367675781
216.79745483398438
0.0
29.833881378173828
211.07777404785156
115.19353485107422
17.10995864868164
7.859330177307129
129.593017578125
82.41816711425781
190.51239013671875
495.46392822265625
296.9705810546875
0.0
438.61102294921875
708.6358642578125
1598.502685546875
956.7698364257812
169.95262145996094
583.1412963867188
703.2222900390625
432.3681335449219
136.67344665527344
343.2738037109375
354.8538818359375
538.8885498046875
537.0772094726562
316.147705078125
308.1175842285156
644.510986328125
1325.8389892578125
1997.962890625
1648.675537109375
675.256103515625
620.3521118164062
813.936279296875
293.7811279296875
140.14163208007812
0.0
867.968017578125
747.1946411132812
1005.4559326171875
727.0618896484375
0.0
896.6844482421875
1172.16015625
999.4302978515625
181.67221069335938
0.0
853.7921142578125
1307.20556640625
888.87255859375
0.0
0.0
765.6858520507812
1352.919921875
931.3729858398438
307.5978698730469
11.88291072845459
257.238037109375
105.68956756591797
5.254404544830322
0.0
0.0
139.2675018310547
0.0
19.56013298034668
0.0
0.0
119.13302612304688
51.759735107421875
113.39397430419922
0.0
0.0
208.91195678710938
95.2756576538086
19.6444034576416
0.0
0.0
117.71357727050781
23.200620651245117
0.0
0.0
0.0
167.1217041015625
431.023193359375
928.0222778320312
280.3440246582031
1.017958641052246
710.5154418945312
888.0905151367188
1542.31201171875
643.21484375
301.6112976074219
724.03564453125
459.8000183105469
474.91363525390625
142.3727264404297
461.8757629394531
493.6424255371094
684.3284912109375
1027.5166015625
447.5022888183594
396.0879821777344
873.7909545898438
1529.79345703125
2122.19384765625
1560.6290283203125
597.5347900390625
1614.397705078125
3639.668701171875
3161.99462890625
1908.6151123046875
402.2026062011719
2185.912109375
2535.9189453125
2738.11376953125
2519.09130859375
399.1480407714844
1716.7239990234375
2782.67138671875
4525.95703125
2857.422119140625
281.6568908691406
1958.20849609375
4273.08984375
5195.90625
2492.1064453125
265.066650390625
1783.72216796875
3498.9228515625
3237.71533203125
1021.9293212890625
29.97013282775879
132.71749877929688
628.8929443359375
368.4261474609375
384.9717712402344
340.91351318359375
199.38302612304688
59.54056167602539
24.044124603271484
198.46084594726562
284.0013122558594
4.551408767700195
58.34880065917969
544.6526489257812
422.1904602050781
186.78985595703125
97.37432861328125
402.8966064453125
638.9817504882812
362.7613830566406
234.6132049560547
122.1148910522461
99.40325164794922
146.91748046875
8.355757713317871
96.98637390136719
0.0
129.78956604003906
475.0560302734375
167.16421508789062
347.7859191894531
32.12419128417969
549.1943359375
524.468505859375
308.09149169921875
281.69122314453125
163.9068603515625
270.61932373046875
268.29302978515625
850.3314208984375
312.8348693847656
13.364166259765625
125.14517974853516
522.8160400390625
821.4025268554688
313.2754821777344
67.60867309570312
385.74932861328125
757.2454833984375
458.1708679199219
35.76713562011719
523.4564819335938
1081.6123046875
1062.736083984375
126.44197082519531
226.1669158935547
769.5322875976562
626.8355712890625
400.08758544921875
66.9901123046875
15.356139183044434
657.615234375
344.60186767578125
856.5589599609375
544.2388916015625
0.0
668.7305908203125
1086.09619140625
1313.0848388671875
326.84716796875
0.0
710.2718505859375
884.6202392578125
543.5443725585938
0.0
0.0
1216.7418212890625
3307.490234375
4517.23681640625
3629.507080078125
1553.25048828125
1745.9163818359375
2662.55322265625
3477.098388671875
3298.8125
2104.349609375
1063.696533203125
2572.4736328125
4492.7939453125
3691.486328125
2043.3958740234375
1403.41357421875
3935.04296875
6052.41455078125
4669.5830078125
1992.7188720703125
1388.1173095703125
3437.7158203125
4703.857421875
3488.880859375
1517.60888671875
288.281982421875
1536.9329833984375
3448.84033203125
2682.99755859375
801.958984375
821.8798828125
2614.627685546875
3610.55615234375
3364.4609375
1764.5584716796875
863.6384887695312
2335.72802734375
2417.99658203125
2917.637939453125
1984.8740234375
622.5183715820312
2361.4853515625
4046.996826171875
4043.064697265625
1800.3309326171875
845.4466552734375
3152.360107421875
5152.041015625
4752.8662109375
1764.539794921875
56.44049835205078
53.11864471435547
12.938261032104492
0.0
0.0
158.58529663085938
113.98810577392578
0.0
0.0
0.0
217.75051879882812
41.807132720947266
0.0
0.0
0.0
145.39617919921875
71.15916442871094
0.0
0.0
0.0
229.77728271484375
194.99203491210938
0.0
0.0
0.0
0.0
0.0
282.2218017578125
567.8279418945312
379.88739013671875
0.0
37.27965545654297
227.09332275390625
429.458251953125
628.86279296875
0.0
75.29443359375
199.379638671875
388.182373046875
670.2562866210938
0.0
17.813425064086914
265.0562438964844
774.2215576171875
675.932861328125
0.0
8.735836029052734
448.5411071777344
864.779052734375
582.580078125
203.8671112060547
173.3896484375
324.63018798828125
26.239580154418945
0.0
198.76577758789062
0.0
115.93438720703125
28.848487854003906
0.0
70.16535949707031
32.29766845703125
0.0
0.0
3.7452077865600586
166.31715393066406
257.3292236328125
121.8914566040039
0.0
0.0
217.47523498535156
160.41075134277344
187.722900390625
112.43461608886719
37.19926834106445
