1341.8863525390625
-74.2618408203125
-231.5377655029297
491.8951416015625
1264.76171875
874.4058837890625
678.2730712890625
375.5534362792969
543.5518798828125
844.8167724609375
-1088.6572265625
484.0810241699219
-243.37448120117188
-641.204345703125
-135.8201904296875
-755.3677978515625
-775.7200927734375
-942.0314331054688
740.607177734375
-1094.187744140625
-266.097900390625
756.70947265625
1045.6005859375
132.98687744140625
-1639.2977294921875
1135.6435546875
-263.630615234375
-341.5257568359375
-1678.06396484375
-95.849853515625
-681.9364013671875
1412.2952880859375
-78.08181762695312
-340.6398620605469
582.38134765625
863.5568237304688
938.45556640625
1400.4974365234375
41.75019836425781
1323.33935546875
-51.098541259765625
1626.0419921875
392.42950439453125
-204.6814422607422
-878.81591796875
2111.305908203125
706.6630249023438
101.86529541015625
-803.2490234375
594.078369140625
552.1142578125
-338.94232177734375
-283.721923828125
-951.3861083984375
1388.51904296875
-295.06512451171875
776.38232421875
1189.591064453125
1685.56787109375
965.7435913085938
1885.072265625
873.0322265625
972.7838134765625
-221.3393096923828
610.6025390625
-92.14788055419922
-554.4786987304688
-220.164794921875
714.1553344726562
-1512.7659912109375
2229.091796875
1430.991455078125
-606.7740478515625
-799.7613525390625
1208.58447265625
170.59873962402344
995.3370361328125
378.02081298828125
1384.8642578125
1052.2244873046875
587.210693359375
1074.9827880859375
902.2384033203125
-1359.478759765625
