520.2657470703125
1337.248779296875
2052.713134765625
2437.129150390625
2466.817626953125
2205.05517578125
1656.4298095703125
1002.1666259765625
421.8435974121094
94.0208740234375
876.571044921875
1681.385498046875
2015.1920166015625
1858.361083984375
1768.8583984375
1849.9815673828125
1731.9215087890625
1181.9715576171875
510.96185302734375
119.7705307006836
1010.7691650390625
1605.2105712890625
1570.555908203125
1119.60498046875
1186.972412109375
1704.095458984375
1846.417236328125
1316.7728271484375
532.4229125976562
114.29727935791016
798.3828735351562
1182.716552734375
1142.74072265625
908.6557006835938
1236.1326904296875
1860.665771484375
1904.80810546875
1319.879638671875
518.4512329101562
94.06304931640625
479.0860595703125
908.9111328125
1236.9989013671875
1540.1729736328125
2046.574951171875
2375.28515625
2031.341064453125
1257.3218994140625
461.49188232421875
78.37458038330078
404.9761047363281
1073.806640625
1788.20166015625
2488.29150390625
2965.39208984375
2883.2822265625
2163.879638671875
1191.2064208984375
386.6231384277344
65.8934097290039
604.453125
1424.7015380859375
2276.547607421875
2960.45263671875
3260.375
3001.80810546875
2178.835693359375
1178.0921630859375
396.6640930175781
86.05158233642578
774.4497680664062
1599.4356689453125
2382.553955078125
2878.4326171875
3042.73876953125
2807.245849609375
2042.6746826171875
1127.4678955078125
434.96142578125
109.66484832763672
668.7589721679688
1398.468994140625
2036.3907470703125
2378.109619140625
2417.21728515625
2143.093994140625
1485.619873046875
792.6427612304688
301.09051513671875
68.10101318359375
361.4154052734375
881.2150268554688
1301.394775390625
1406.2738037109375
1227.66259765625
963.0791625976562
630.3055419921875
350.5262756347656
107.06070709228516
4.855680465698242
218.35513305664062
362.4487609863281
271.32220458984375
139.84579467773438
306.9105224609375
577.3057250976562
635.9662475585938
604.9999389648438
588.6854248046875
380.0642395019531
272.2016906738281
324.1838684082031
163.04190063476562
185.6565704345703
465.7339782714844
561.3231811523438
384.6383361816406
371.6346740722656
574.5228881835938
469.2926025390625
193.2975616455078
173.7825469970703
126.03751373291016
420.1644592285156
856.4078979492188
788.3399658203125
355.1844177246094
287.23175048828125
555.6179809570312
502.4935607910156
73.4853515625
81.38349151611328
208.19985961914062
614.823486328125
1038.7022705078125
938.6939086914062
476.4204406738281
353.8389892578125
576.2948608398438
507.4944763183594
118.0287857055664
229.96499633789062
410.4524841308594
717.5159301757812
1059.7281494140625
998.4708862304688
641.7583618164062
515.8230590820312
640.5654907226562
494.257080078125
278.3374938964844
478.72882080078125
536.6056518554688
722.6115112304688
1051.4140625
1078.67138671875
847.3534545898438
734.935302734375
736.364013671875
468.67486572265625
300.3547668457031
470.4288635253906
449.566650390625
555.1094360351562
852.0531005859375
965.7810668945312
896.48388671875
878.8287963867188
819.3101806640625
463.5976257324219
194.15025329589844
312.35821533203125
391.9168701171875
504.23583984375
687.1221313476562
764.3500366210938
749.1325073242188
822.5458374023438
780.40966796875
454.364013671875
97.29210662841797
163.62599182128906
281.5269470214844
434.64630126953125
587.5777587890625
579.2446899414062
514.0894165039062
539.5142211914062
543.8297729492188
361.0113220214844
73.25746154785156
54.19832229614258
36.571388244628906
123.449951171875
366.7975769042969
432.8564453125
323.575927734375
230.24740600585938
238.09573364257812
191.66864013671875
127.31976318359375
320.3074951171875
486.2102966308594
315.58953857421875
11.625160217285156
20.413421630859375
155.15614318847656
-39.99839782714844
-206.71353149414062
-122.67149353027344
212.87539672851562
438.2055358886719
392.8011474609375
-85.37972259521484
-253.0657196044922
97.83887481689453
285.6653747558594
22.387447357177734
-185.65872192382812
-92.21601104736328
265.2033386230469
439.596923828125
132.8695831298828
-387.1796569824219
-234.01296997070312
253.2654266357422
234.28294372558594
-80.7179183959961
-188.66845703125
-37.701255798339844
242.68960571289062
291.9862060546875
-78.86725616455078
-296.14404296875
48.782562255859375
331.783203125
28.968799591064453
-322.7518615722656
-239.15408325195312
28.240568161010742
173.23521423339844
135.1161651611328
-44.8267707824707
20.594463348388672
299.0025939941406
303.2114562988281
-177.52999877929688
-533.5253295898438
-285.5218200683594
78.111083984375
120.38648986816406
131.8878936767578
160.13613891601562
263.2148742675781
385.2565612792969
270.6537780761719
-281.8985290527344
-607.4133911132812
-270.7527770996094
84.16252136230469
155.9987335205078
285.959228515625
365.89288330078125
286.27276611328125
329.7384033203125
245.6205596923828
-288.3074035644531
-530.1451416015625
-204.936279296875
55.416439056396484
221.7618408203125
425.45562744140625
403.59832763671875
204.25186157226562
192.16094970703125
99.66992950439453
-270.5739440917969
-305.4758605957031
-58.525638580322266
63.919090270996094
198.62925720214844
352.6337585449219
238.35928344726562
110.27854919433594
68.43983459472656
-84.9863052368164
-207.01051330566406
-59.91719436645508
94.11510467529297
114.64571380615234
113.00834655761719
180.0397186279297
79.04550170898438
33.090816497802734
-61.97502517700195
-181.55496215820312
-161.39939880371094
31.437320709228516
160.94493103027344
148.6663055419922
-21.163597106933594
55.03522491455078
80.08562469482422
-15.576092720031738
-232.6761932373047
-346.02587890625
-375.0202941894531
-465.6439208984375
-543.1817016601562
-339.79095458984375
79.80758666992188
194.82984924316406
262.4252624511719
419.5386657714844
843.9320068359375
1137.9237060546875
896.7645874023438
291.1177978515625
-209.70372009277344
-267.8089904785156
269.815185546875
393.4181213378906
473.6273498535156
768.186279296875
1499.0115966796875
1938.0146484375
1514.7681884765625
681.5481567382812
158.95751953125
-42.02873611450195
453.7380676269531
637.4727172851562
699.5593872070312
893.1704711914062
1390.036865234375
1566.947509765625
1120.305908203125
510.45697021484375
316.9073791503906
203.94558715820312
479.98223876953125
785.0577392578125
822.0040893554688
783.0858154296875
816.0694580078125
678.3150024414062
364.88775634765625
181.80604553222656
331.62335205078125
352.62957763671875
348.88116455078125
718.6441040039062
733.6554565429688
474.1437072753906
206.97206115722656
28.116008758544922
-113.99445343017578
-26.61893653869629
301.20819091796875
387.63409423828125
242.97933959960938
494.3224792480469
526.1275024414062
347.69097900390625
172.8483123779297
128.87667846679688
25.061656951904297
60.50384521484375
285.3829040527344
321.5579528808594
275.8911437988281
406.2225341796875
546.712890625
735.02294921875
922.3087158203125
924.275146484375
701.6664428710938
477.35882568359375
390.3558654785156
235.17356872558594
413.660888671875
677.5441284179688
944.146728515625
1298.42333984375
1728.5670166015625
1776.0556640625
1527.2861328125
1160.7633056640625
746.66455078125
292.29925537109375
483.29205322265625
1003.546875
1379.5592041015625
1681.2265625
2152.69580078125
2334.533447265625
2157.160400390625
1749.4921875
1165.57958984375
496.4810485839844
321.2112121582031
704.5608520507812
939.6318359375
714.4535522460938
272.19415283203125
-51.808998107910156
-374.8063049316406
-834.2556762695312
-998.6856079101562
-588.6070556640625
488.7044372558594
966.931884765625
1042.5616455078125
559.0980834960938
293.6532287597656
609.277099609375
560.5665283203125
-256.9173889160156
-941.6128540039062
-733.37109375
592.3818359375
1102.8809814453125
993.92529296875
410.0058288574219
492.74072265625
1275.597412109375
1297.8485107421875
197.55923461914062
-760.2733154296875
-717.5398559570312
626.4827880859375
1150.12646484375
1025.7547607421875
559.092529296875
792.3948364257812
1461.0908203125
1264.9468994140625
147.89312744140625
-675.9157104492188
-599.8201904296875
648.5344848632812
1156.3916015625
1190.57373046875
941.0762939453125
1003.6419677734375
1145.4976806640625
658.2755737304688
-273.201171875
-719.4536743164062
-466.9014587402344
643.7769165039062
1138.0350341796875
1332.7674560546875
1224.2230224609375
1063.662841796875
784.9185791015625
68.41323852539062
-713.9260864257812
-815.4181518554688
-380.5494689941406
580.29931640625
1107.1400146484375
1333.650390625
1214.572021484375
1030.4000244140625
694.466064453125
-152.9904327392578
-934.6923217773438
-888.3534545898438
-374.7135925292969
542.4973754882812
1185.2315673828125
1434.4061279296875
1246.19384765625
1050.539306640625
780.0848999023438
-3.419508934020996
-770.3861694335938
-821.9735717773438
-409.3949890136719
506.5997619628906
1166.931884765625
1464.3609619140625
1296.2303466796875
1045.985107421875
785.0137329101562
286.5986022949219
-260.279541015625
-474.2346496582031
-337.76531982421875
423.6813049316406
965.5304565429688
1332.52880859375
1318.559814453125
1080.3765869140625
814.1165161132812
605.8283081054688
337.9645690917969
47.53164291381836
-94.12872314453125
192.1877899169922
321.03802490234375
254.15008544921875
107.67974090576172
21.01761817932129
-84.92949676513672
-195.09527587890625
-210.73629760742188
-134.3150634765625
-17.399606704711914
255.2655029296875
260.4608459472656
60.92844772338867
-164.58982849121094
-175.80653381347656
-136.0984344482422
-203.9711456298828
-236.86375427246094
-161.6500244140625
-50.4881706237793
227.82708740234375
163.32948303222656
-122.57452392578125
-377.35272216796875
-289.2904357910156
-83.31036376953125
-192.4869842529297
-329.2666320800781
-204.55311584472656
-53.82109069824219
102.10615539550781
63.807308197021484
-178.33197021484375
-366.0960998535156
-169.66531372070312
78.24053192138672
-125.1734390258789
-410.34442138671875
-278.408935546875
-51.53641891479492
41.458518981933594
100.7343978881836
-19.508602142333984
-120.44159698486328
60.398765563964844
164.49131774902344
-140.22247314453125
-448.6971435546875
-316.9466857910156
-57.55104064941406
112.78057861328125
221.55862426757812
129.31002807617188
77.7289047241211
151.45779418945312
77.22801971435547
-286.16180419921875
-515.4323120117188
-305.0458068847656
-35.48017883300781
185.04786682128906
224.2039337158203
140.39273071289062
80.16252136230469
78.5776138305664
-30.70164680480957
-373.02740478515625
-553.2998046875
-304.85546875
-22.03876304626465
188.2179412841797
238.17811584472656
160.54737854003906
-10.781291007995605
-113.2942123413086
-205.33639526367188
-454.7982177734375
-573.8084106445312
-321.3364562988281
-55.146968841552734
129.3940887451172
242.62298583984375
92.80248260498047
-210.7435302734375
-359.0568542480469
-451.94073486328125
-573.1777954101562
-529.1149291992188
-273.22064208984375
-75.7079086303711
27.32029914855957
71.51689147949219
-138.9021453857422
-436.76123046875
-521.4478759765625
-584.6569213867188
-619.0307006835938
-465.52655029296875
-181.7872772216797
-30.65500831604004
35.33795928955078
105.96575927734375
148.44969177246094
260.852783203125
433.9737854003906
389.198486328125
43.75330352783203
-241.78176879882812
-243.17054748535156
-106.547607421875
170.62637329101562
356.55670166015625
474.80682373046875
839.9833984375
1407.6435546875
1481.273193359375
846.468017578125
231.1547393798828
4.071834564208984
-19.74355697631836
439.5139465332031
678.6830444335938
700.2991333007812
1055.06689453125
1726.0137939453125
1746.267333984375
1041.103515625
484.9097900390625
291.8604431152344
148.14361572265625
738.2225952148438
985.6420288085938
847.496337890625
949.4996948242188
1413.2872314453125
1283.679443359375
648.6461791992188
398.19989013671875
455.43450927734375
311.0065612792969
774.9441528320312
942.38427734375
670.8757934570312
532.6234741210938
709.2842407226562
549.07177734375
148.27877807617188
227.66537475585938
513.9036254882812
404.9339599609375
554.7560424804688
624.0581665039062
367.87554931640625
267.8252868652344
383.0926818847656
258.20587158203125
-11.425799369812012
193.5467529296875
525.9417724609375
402.7237854003906
372.8470153808594
489.1737060546875
417.45880126953125
577.6098022460938
826.5155029296875
627.835693359375
189.1898193359375
254.5549774169922
471.9794921875
327.7972717285156
444.29864501953125
668.2503662109375
726.3499145507812
1015.8953857421875
1408.9482421875
1246.76708984375
756.4686279296875
589.7957763671875
515.1776123046875
269.3975524902344
634.1546630859375
977.2429809570312
1135.3193359375
1480.448974609375
1926.7164306640625
1935.8521728515625
1575.0679931640625
1183.3865966796875
746.1121826171875
308.4021911621094
691.8463745117188
1191.919677734375
1544.451171875
1958.954345703125
2329.279052734375
2296.927490234375
1975.3311767578125
1508.7303466796875
949.6641235351562
385.9606628417969
653.7869873046875
1892.870849609375
3288.801025390625
3960.439697265625
3769.031982421875
3115.859130859375
2290.464599609375
1338.840576171875
592.5874633789062
196.0762939453125
1170.6016845703125
2740.331787109375
3747.04296875
3562.3916015625
3027.9580078125
2735.12841796875
2411.790771484375
1593.3648681640625
662.677001953125
157.46961975097656
1541.9586181640625
3007.952392578125
3294.524658203125
2521.30078125
2284.712646484375
2816.6201171875
2836.822265625
1864.478759765625
720.5806884765625
112.9587173461914
1583.4132080078125
2610.324462890625
2465.7275390625
1862.123291015625
2366.83642578125
3484.28515625
3376.050537109375
1999.01416015625
682.6430053710938
80.40982055664062
1371.0511474609375
2147.532958984375
2241.57275390625
2405.25
3520.760986328125
4486.6826171875
3766.314453125
1960.5518798828125
565.5889282226562
49.211238861083984
1195.3839111328125
2152.92822265625
2851.772705078125
3632.08984375
4853.56494140625
5242.8212890625
3877.0
1825.8221435546875
470.1781921386719
41.64912414550781
1192.1214599609375
2521.6171875
3649.731689453125
4519.95654296875
5377.935546875
5278.5341796875
3671.0498046875
1664.9652099609375
465.1158447265625
100.88967895507812
1290.139892578125
2828.955078125
4073.859619140625
4848.81103515625
5289.58203125
4837.57275390625
3230.8486328125
1401.5623779296875
386.44610595703125
107.81503295898438
1289.4730224609375
2672.81396484375
3750.99951171875
4363.19775390625
4437.5654296875
3676.669189453125
2171.62451171875
793.5191650390625
119.88053131103516
-15.939884185791016
1064.2852783203125
2108.316162109375
2812.3466796875
3069.1474609375
2820.89990234375
2015.7265625
927.332763671875
195.2410125732422
-86.00863647460938
-110.22220611572266
-23.578336715698242
163.52476501464844
573.405029296875
872.991943359375
747.0106811523438
464.3241271972656
424.5809020996094
544.7181396484375
452.7505187988281
207.14878845214844
59.80093002319336
307.5443115234375
554.6609497070312
514.513916015625
243.59446716308594
18.775306701660156
158.8245391845703
411.7633972167969
458.3338317871094
245.42083740234375
183.33645629882812
301.35736083984375
234.12962341308594
4.032623767852783
-196.5674591064453
-186.02369689941406
57.91150665283203
287.6195068359375
390.3100891113281
248.91880798339844
195.8881378173828
116.95015716552734
-152.25146484375
-276.7981872558594
-135.8824462890625
96.17649841308594
215.0548095703125
233.25753784179688
283.668701171875
213.10763549804688
18.20563507080078
-167.48744201660156
-343.66650390625
-218.86009216308594
229.06906127929688
536.0075073242188
461.0479736328125
259.8164978027344
203.35134887695312
173.44412231445312
-134.38279724121094
-190.58314514160156
-76.07430267333984
233.39520263671875
616.9278564453125
796.606201171875
629.60888671875
338.2884826660156
210.42921447753906
159.93478393554688
-36.428558349609375
74.3525619506836
310.265625
563.474853515625
736.8259887695312
699.4196166992188
536.8969116210938
342.8625183105469
260.6476135253906
190.02674865722656
130.20213317871094
184.94264221191406
267.5431213378906
470.30291748046875
611.0785522460938
508.60272216796875
324.316162109375
246.96998596191406
279.8313903808594
207.94708251953125
159.091796875
134.70889282226562
115.95796966552734
217.48373413085938
350.430908203125
237.23902893066406
31.996828079223633
1.4262018203735352
161.62278747558594
160.1830596923828
86.57747650146484
108.08138275146484
64.17130279541016
-67.47114562988281
-114.44490814208984
-227.40603637695312
-366.2515563964844
-279.4079895019531
-37.0418815612793
66.13964080810547
-85.43534851074219
-205.3401336669922
-219.50909423828125
19.782527923583984
345.6443786621094
360.3297119140625
183.38401794433594
277.1565246582031
438.39141845703125
295.22119140625
-142.07553100585938
-207.5903778076172
15.21699333190918
484.1587219238281
715.2112426757812
479.038818359375
95.10186004638672
113.01448059082031
357.3237609863281
300.2072448730469
-145.64773559570312
-70.47492980957031
322.212158203125
811.57275390625
831.2440795898438
462.1662292480469
175.344482421875
213.86065673828125
321.42645263671875
244.13999938964844
-61.83835220336914
128.49676513671875
439.1226806640625
623.8696899414062
485.6554260253906
318.8084411621094
353.4579162597656
489.70294189453125
385.65313720703125
175.54530334472656
57.879154205322266
262.334228515625
408.5165100097656
314.8662109375
195.86790466308594
351.3380432128906
687.427001953125
803.9718017578125
486.7980041503906
122.25472259521484
118.63459777832031
216.77944946289062
232.77281188964844
126.3217544555664
101.60794067382812
424.3583068847656
911.6588745117188
998.2679443359375
552.5482177734375
89.73847198486328
32.412296295166016
21.044370651245117
30.78435516357422
128.18301391601562
255.3480224609375
492.2810974121094
852.5159912109375
948.6162109375
560.2327270507812
116.16722106933594
-80.6567153930664
-76.31925201416016
33.090972900390625
308.5223693847656
599.3327026367188
744.3021850585938
776.2296752929688
708.2482299804688
431.72332763671875
144.97860717773438
-70.47135925292969
43.05615997314453
210.85166931152344
456.6549987792969
737.2380981445312
910.534423828125
718.3959350585938
357.69073486328125
103.36257934570312
39.70596694946289
37.639190673828125
189.7393341064453
375.1065368652344
500.3841857910156
620.6626586914062
760.5469360351562
598.3616333007812
158.23524475097656
-127.712158203125
-103.46508026123047
272.6881103515625
571.27587890625
855.4346313476562
1198.5025634765625
1387.1436767578125
988.4808349609375
328.43389892578125
177.33396911621094
341.35528564453125
240.77076721191406
452.79278564453125
797.0691528320312
1033.019287109375
1239.4927978515625
1228.920654296875
646.3990478515625
-53.52635192871094
-204.51708984375
116.16050720214844
206.38111877441406
579.7372436523438
933.1309204101562
926.4483642578125
750.91845703125
628.4974365234375
327.93017578125
-145.61019897460938
-364.3984069824219
-132.6256866455078
61.424556732177734
626.3125
938.9485473632812
665.8732299804688
164.10226440429688
178.8464813232422
465.0763244628906
267.96044921875
-162.8955841064453
-241.06597900390625
-100.58722686767578
592.965576171875
828.9291381835938
464.35113525390625
22.419227600097656
331.7237243652344
955.6818237304688
813.41552734375
133.62681579589844
-253.35423278808594
-208.51699829101562
502.60614013671875
705.9600219726562
494.0526123046875
397.5844421386719
865.8788452148438
1272.9512939453125
983.1408081054688
246.77256774902344
-241.7626495361328
-234.54075622558594
464.5140075683594
747.6732788085938
836.9177856445312
1017.2355346679688
1373.819580078125
1322.1217041015625
787.1979370117188
120.75489044189453
-219.4228515625
-171.9364013671875
517.24658203125
945.4884643554688
1179.20849609375
1311.02294921875
1431.95947265625
1124.4383544921875
399.43585205078125
-237.6376190185547
-301.07342529296875
-114.83882904052734
539.546142578125
999.6407470703125
1134.3680419921875
1009.93603515625
976.7442626953125
685.1842651367188
-89.71662139892578
-684.9736938476562
-541.4669799804688
-165.62107849121094
457.4422302246094
844.4583129882812
848.7608032226562
545.416015625
365.5361328125
146.71279907226562
-470.8195495605469
-924.4436645507812
-752.5958251953125
-292.67181396484375
453.3238830566406
1412.251708984375
2648.42529296875
3766.066650390625
4601.93603515625
4703.78466796875
4056.2734375
3041.08984375
1854.7401123046875
773.88623046875
896.4964599609375
2104.895263671875
3076.276611328125
3739.192626953125
4342.0205078125
4421.20556640625
4005.3681640625
3415.296875
2436.41796875
1147.9576416015625
1290.544189453125
2349.275390625
2791.21142578125
3081.06591796875
3553.046142578125
3666.576904296875
3476.25439453125
3342.4873046875
2732.517333984375
1402.3558349609375
1333.42578125
2010.4202880859375
2174.538818359375
2603.396484375
3267.310302734375
3421.460205078125
3186.8154296875
3189.693603515625
2791.367919921875
1491.15673828125
973.3952026367188
1402.0001220703125
1803.2960205078125
2734.341064453125
3826.286865234375
4036.657958984375
3541.557861328125
3289.638916015625
2748.3046875
1422.8203125
656.8237915039062
1222.567138671875
2160.598876953125
3591.658203125
4987.3388671875
5120.89306640625
4299.71728515625
3635.03125
2714.83349609375
1287.6248779296875
750.013916015625
1683.0877685546875
2924.35205078125
4566.013671875
5966.49365234375
5943.60693359375
5028.31201171875
4069.052978515625
2778.06982421875
1214.8302001953125
1043.104736328125
2137.44775390625
3336.20361328125
4913.6025390625
6169.9443359375
6129.61376953125
5316.36962890625
4264.5966796875
2796.697998046875
1181.2779541015625
1082.6256103515625
2073.94091796875
3155.3056640625
4553.96435546875
5535.35595703125
5427.56201171875
4656.3759765625
3731.354736328125
2478.45703125
1057.84375
805.9345703125
1589.96826171875
2513.78271484375
3527.810302734375
4086.30908203125
3766.202880859375
3077.12548828125
2490.667724609375
1742.0648193359375
792.0699462890625
108.90654754638672
258.1544189453125
686.0254516601562
1567.494384765625
2585.47900390625
3021.781494140625
2546.440185546875
1619.0311279296875
790.824462890625
271.3729248046875
222.02786254882812
564.0391235351562
1320.24609375
2573.966064453125
3859.30517578125
4328.79443359375
3829.6669921875
2736.851806640625
1545.1527099609375
600.4859619140625
399.16827392578125
988.6907958984375
1944.9632568359375
3099.4755859375
3979.970947265625
4157.06591796875
3868.8291015625
3256.000732421875
2214.6044921875
988.1454467773438
550.5020751953125
1349.1583251953125
2339.86474609375
3074.20703125
3239.1455078125
3066.0419921875
3126.552490234375
3206.46044921875
2578.984375
1276.49951171875
563.9562377929688
1397.867431640625
2308.6142578125
2733.6689453125
2505.441650390625
2263.69091796875
2612.660888671875
3065.5498046875
2656.843017578125
1369.257568359375
416.77301025390625
1075.957275390625
1878.7369384765625
2421.89208984375
2455.290771484375
2447.5625
2829.341064453125
3162.999755859375
2614.05322265625
1299.342041015625
298.37286376953125
833.2982788085938
1678.2430419921875
2598.442138671875
3287.574951171875
3610.228759765625
3748.244140625
3517.585693359375
2530.9326171875
1147.8917236328125
369.8236389160156
988.5787353515625
1976.305419921875
3192.951416015625
4339.21337890625
4950.9697265625
4883.17529296875
4023.253173828125
2517.1484375
1005.35107421875
463.30096435546875
1235.6361083984375
2409.94677734375
3742.525634765625
4919.86376953125
5579.810546875
5475.54443359375
4365.89501953125
2595.807373046875
978.3794555664062
417.0001220703125
1265.8497314453125
2565.413818359375
3891.553466796875
4857.75
5250.74072265625
5062.9365234375
4107.087890625
2502.65576171875
981.3164672851562
62.537227630615234
38.79264831542969
-14.611984252929688
39.052127838134766
2.9641637802124023
-266.0721435546875
-497.1748962402344
-480.5863342285156
-374.6341247558594
-194.85987854003906
84.9154281616211
39.516700744628906
54.645652770996094
118.77680206298828
48.78887939453125
-216.16705322265625
-461.07855224609375
-542.10302734375
-495.37872314453125
-287.4456787109375
116.91024780273438
120.61590576171875
168.16885375976562
110.83651733398438
-65.78237915039062
-237.26483154296875
-318.822509765625
-450.2540588378906
-545.3316650390625
-375.7170104980469
152.31857299804688
244.49649047851562
176.94705200195312
-81.14784240722656
-295.5962219238281
-289.84503173828125
-244.26339721679688
-374.6210021972656
-545.4136352539062
-413.4629211425781
176.35794067382812
295.4432067871094
116.13484954833984
-252.7373504638672
-413.02691650390625
-282.2938537597656
-212.8626708984375
-385.32794189453125
-562.3139038085938
-405.088134765625
177.7249298095703
221.4759979248047
51.09367752075195
-223.52667236328125
-354.5989074707031
-285.37884521484375
-265.7149963378906
-473.3807067871094
-611.6822509765625
-391.1431884765625
159.93310546875
125.06684875488281
49.217342376708984
-54.373779296875
-212.34584045410156
-317.810546875
-419.6307373046875
-609.7218017578125
-656.2163696289062
-380.13922119140625
143.3595733642578
153.22518920898438
148.24606323242188
87.17326354980469
-77.8940200805664
-292.5134582519531
-519.1121215820312
-693.3180541992188
-625.7032470703125
-331.873291015625
157.07577514648438
286.3196105957031
261.968505859375
97.26400756835938
-36.76215744018555
-159.81173706054688
-406.53973388671875
-633.7842407226562
-559.3431396484375
-289.3895263671875
149.7340545654297
325.97967529296875
306.1009521484375
114.6346206665039
-31.729312896728516
-101.08342742919922
-282.3515319824219
-464.3288269042969
-453.5915222167969
-256.6168518066406
-86.61682891845703
-171.43453979492188
-218.26535034179688
-98.29501342773438
195.69989013671875
477.228271484375
576.2214965820312
538.5164184570312
408.5548095703125
184.40560913085938
-120.40657806396484
-236.7699737548828
-275.18743896484375
-93.82431030273438
144.5078125
311.4512939453125
498.9196472167969
657.6541748046875
614.7234497070312
311.86566162109375
-152.686279296875
-252.4020538330078
-192.31243896484375
46.998348236083984
255.85641479492188
282.6685791015625
371.3197021484375
657.4498901367188
754.6797485351562
434.7567138671875
-232.58670043945312
-325.9056396484375
-169.06394958496094
102.12027740478516
221.3798828125
148.46835327148438
144.48126220703125
544.5822143554688
809.3303833007812
516.6843872070312
-273.0116271972656
-368.66680908203125
-171.41183471679688
132.08912658691406
208.524169921875
67.07140350341797
100.42322540283203
538.5209350585938
822.4133911132812
532.5020751953125
-252.9393768310547
-328.759521484375
-169.34768676757812
169.08860778808594
323.3556213378906
198.56741333007812
261.34088134765625
652.4445190429688
830.0283203125
496.0813293457031
-185.18771362304688
-241.06558227539062
-182.4619140625
71.25370025634766
262.15380859375
301.6908874511719
475.2442932128906
798.9427490234375
854.9578247070312
458.7423400878906
-163.59255981445312
-258.5862731933594
-261.3851623535156
-136.40431213378906
85.87862396240234
410.50164794921875
783.2760620117188
1039.4229736328125
932.6331787109375
457.39801025390625
-205.14364624023438
-321.87591552734375
-257.08453369140625
-19.484106063842773
284.3403625488281
628.9752807617188
928.3657836914062
1086.7508544921875
887.3189697265625
412.10430908203125
-223.5041961669922
-351.6461486816406
-290.0567932128906
34.94334411621094
369.730712890625
511.1180114746094
638.0908813476562
805.9085693359375
692.951416015625
337.9454650878906
136.7872314453125
235.44305419921875
212.55191040039062
290.0205993652344
367.7427673339844
178.02880859375
-90.94766998291016
-174.05130004882812
-119.7296371459961
-54.34054183959961
227.3753204345703
215.8628387451172
79.66624450683594
111.3198471069336
350.6174011230469
402.13165283203125
104.95832061767578
-126.92315673828125
-120.79109954833984
-41.515869140625
266.26995849609375
157.52108764648438
-54.919464111328125
-145.2717742919922
95.72695922851562
289.5259704589844
111.64989471435547
-107.16693115234375
-115.38538360595703
-31.882080078125
217.76171875
153.51036071777344
-56.7825927734375
-206.89598083496094
-60.78373718261719
78.48462677001953
3.7440552711486816
-113.57694244384766
-97.23392486572266
-16.15553092956543
64.79505157470703
134.09320068359375
5.370447635650635
-120.75391387939453
-99.33699798583984
-89.38785552978516
-168.8522186279297
-190.99594116210938
-102.20143127441406
2.273789644241333
-20.434656143188477
81.77317810058594
86.14596557617188
37.674259185791016
-65.0423812866211
-171.44760131835938
-253.2113800048828
-234.12220764160156
-110.97925567626953
12.70704174041748
81.34083557128906
145.440673828125
233.958251953125
288.00390625
131.4840545654297
-56.65593719482422
-200.6990203857422
-225.3814697265625
-116.91777038574219
-7.039372444152832
213.5977325439453
224.88937377929688
244.41717529296875
262.9375
246.25106811523438
109.8307113647461
-106.39966583251953
-176.75889587402344
-86.22642517089844
-19.053945541381836
210.68919372558594
294.689697265625
214.45558166503906
108.40827178955078
216.7696075439453
241.51516723632812
77.44992065429688
-18.24334716796875
9.007528305053711
23.438980102539062
82.0230712890625
282.49896240234375
248.03919982910156
70.73995208740234
76.53510284423828
216.0717315673828
237.43887329101562
134.8496551513672
70.11824798583984
46.2323112487793
