751.9186401367188
-150.939208984375
1007.4642333984375
588.8701782226562
489.247802734375
1342.1361083984375
-798.4227294921875
-967.296142578125
1528.2811279296875
1224.522216796875
-1094.5419921875
-550.2864379882812
1248.03271484375
-1536.1168212890625
1792.7467041015625
-1663.49365234375
517.4810791015625
-1176.9935302734375
402.4924011230469
3172.708251953125
744.1219482421875
-714.9244384765625
-1455.991943359375
-1680.5604248046875
1236.1571044921875
-76.86088562011719
-773.40087890625
2127.51220703125
-745.701904296875
-476.3482666015625
381.0200500488281
1035.319580078125
666.3548583984375
2367.58251953125
987.6704711914062
-1312.819091796875
2879.147705078125
1165.527099609375
-999.9876098632812
2246.7041015625
-435.18115234375
-1127.9005126953125
-577.47216796875
135.6087646484375
-210.17501831054688
551.17822265625
960.66064453125
441.8125
1116.589111328125
2413.146728515625
1799.3968505859375
361.0968017578125
940.3358154296875
696.8164672851562
1703.3455810546875
-14.464935302734375
2010.2227783203125
770.3246459960938
677.913818359375
1661.531982421875
2603.79541015625
-230.66357421875
840.8798828125
528.9954223632812
-772.9136962890625
1779.47607421875
972.49853515625
1838.7174072265625
2101.26953125
-922.3294677734375
-1903.7314453125
-55.111175537109375
1036.45751953125
131.59490966796875
-1265.6279296875
1997.792236328125
419.7267150878906
-950.763671875
187.18609619140625
2204.5390625
-842.0116577148438
2773.56884765625
56.691070556640625
-922.4054565429688
1373.82080078125
282.6292724609375
1131.340087890625
483.36419677734375
2453.103515625
1093.657958984375
1492.7510986328125
1814.8717041015625
-1487.2301025390625
720.9725952148438
-1515.7196044921875
76.72833251953125
-865.389892578125
752.303955078125
1890.3287353515625
1098.4501953125
479.00433349609375
181.3052978515625
566.82275390625
2162.337890625
588.6373901367188
-791.5426635742188
1051.815673828125
-1574.9912109375
160.73284912109375
-363.88568115234375
-616.391845703125
70.19564056396484
332.99072265625
2378.228759765625
1193.9952392578125
212.37445068359375
637.153564453125
740.9287109375
147.93374633789062
1768.5703125
