0.0
0.0
0.0
0.0
0.0
0.0
0.0
-0.335304856300354
-0.5505766868591309
-1.805376410484314
-0.26209524273872375
1.4982784986495972
-0.3362610638141632
-2.511448860168457
-0.4532308578491211
0.1317058801651001
-11.588129043579102
-10.090349197387695
-7.99780797958374
-2.133075714111328
0.0
0.0
0.0
0.0
0.0
0.0
0.0
0.0
0.0
0.0
0.0
0.0
0.0
-0.2514786422252655
-2.6971969604492188
-8.018404960632324
-3.3112897872924805
-1.688206434249878
-0.9494799375534058
-19.78265953063965
-32.506996154785156
-48.7492790222168
-57.0199089050293
-50.04037857055664
-52.02670669555664
-48.129356384277344
-48.7977294921875
-31.808149337768555
-11.797502517700195
-1.866441249847412
0.0
0.0
0.0
0.0
0.0
0.0
0.0
0.0
0.0
0.0
-0.838262140750885
-6.557095527648926
-14.453190803527832
-17.629493713378906
-8.88593578338623
-42.83177185058594
-84.85505676269531
-134.26327514648438
-154.71449279785156
-167.50648498535156
-170.03970336914062
-164.4666748046875
-152.92037963867188
-127.50164794921875
-99.18203735351562
-78.39640808105469
-59.567081451416016
-24.994802474975586
-2.133075714111328
0.0
0.0
0.0
0.0
0.0
0.0
0.0
0.0
-2.682438850402832
-10.496631622314453
-19.533836364746094
-15.481283187866211
-21.208255767822266
-58.538639068603516
-114.851318359375
-140.6509552001953
-139.37461853027344
-136.20361328125
-120.80496978759766
-120.69548034667969
-116.00346374511719
-123.4339828491211
-131.0838623046875
-132.70391845703125
-122.6520767211914
-103.65953826904297
-73.10860443115234
-22.614768981933594
-0.799903392791748
0.0
0.0
0.0
0.0
0.0
0.0
-0.838262140750885
-14.877325057983398
-29.02145767211914
-21.84819793701172
-20.683917999267578
-66.87118530273438
-101.60431671142578
-94.81111907958984
-40.44841384887695
5.146238327026367
24.987377166748047
44.721702575683594
65.89054870605469
84.12113189697266
69.4259262084961
28.162321090698242
-27.257020950317383
-93.80704498291016
-116.82657623291016
-105.91311645507812
-61.429176330566406
-10.188684463500977
-0.266634464263916
0.0
0.0
0.0
0.0
-0.5867835283279419
-8.753007888793945
-29.366077423095703
-21.488079071044922
-14.10808277130127
-37.7130126953125
-53.46037673950195
-3.8489766120910645
87.94625091552734
159.74713134765625
202.49586486816406
252.91534423828125
306.2846984863281
348.1943359375
333.8133850097656
284.5762634277344
222.16342163085938
137.94027709960938
39.2017822265625
-56.75278854370117
-92.5240478515625
-90.60492706298828
-48.77902603149414
-6.084843158721924
0.0
0.0
0.0
0.0
-3.7195422649383545
-27.735572814941406
-31.24603271484375
-9.546720504760742
11.314910888671875
6.139567852020264
67.88156127929688
172.8058319091797
225.8391571044922
253.17791748046875
290.8620910644531
349.7721252441406
369.5251770019531
375.8782653808594
372.051513671875
359.5115051269531
325.24102783203125
266.219970703125
166.16778564453125
52.99946212768555
-58.528377532958984
-100.84919738769531
-91.57447052001953
-26.682086944580078
-0.799903392791748
0.0
0.0
0.0
-8.494793891906738
-38.900333404541016
-20.76522445678711
25.53618049621582
80.88660430908203
96.87540435791016
195.17921447753906
245.398193359375
244.4071044921875
281.9527587890625
325.4711608886719
313.1247863769531
266.78057861328125
222.70895385742188
223.8325653076172
263.0520935058594
293.3382873535156
302.96124267578125
258.2626037597656
164.621826171875
26.805706024169922
-76.48355865478516
-99.64310455322266
-61.45603942871094
-9.722227096557617
0.0
0.0
-0.2514786422252655
-14.312421798706055
-34.26993942260742
28.466270446777344
108.95155334472656
144.9067840576172
194.74826049804688
259.1956787109375
258.03399658203125
236.93553161621094
243.64280700683594
220.82318115234375
138.46507263183594
77.25924682617188
60.47314453125
79.93106079101562
131.75958251953125
204.36021423339844
252.5488739013672
274.80072021484375
236.76744079589844
130.13658142089844
-5.662817478179932
-77.77412414550781
-91.12603759765625
-37.11370849609375
-1.066537857055664
0.0
-0.44447287917137146
-15.800503730773926
-10.104060173034668
71.72573852539062
145.352783203125
213.36085510253906
283.3362121582031
269.53826904296875
212.80441284179688
156.26918029785156
142.40902709960938
91.58006286621094
27.223737716674805
7.407191276550293
2.973376512527466
20.46957015991211
56.34247970581055
113.22002410888672
186.25930786132812
247.4967803955078
271.4302062988281
219.92172241210938
73.27877807617188
-58.866943359375
-99.71092224121094
-59.50267028808594
-3.8085198402404785
0.0
0.18752625584602356
3.580805778503418
42.770355224609375
118.43531036376953
215.27732849121094
298.3115539550781
355.74176025390625
243.29295349121094
131.65325927734375
89.1181640625
69.77423095703125
22.522705078125
2.2591633796691895
0.15347164869308472
0.0
1.9854164123535156
20.224098205566406
53.497615814208984
105.45967864990234
189.49794006347656
246.64878845214844
253.75656127929688
146.7169647216797
-0.20470640063285828
-62.70949935913086
-71.97466278076172
-22.550518035888672
-0.533268928527832
-0.32525160908699036
2.8019704818725586
53.259979248046875
121.8250732421875
244.6021270751953
341.4191589355469
342.5863342285156
188.8743133544922
93.85016632080078
68.95160675048828
43.22029113769531
3.9819436073303223
0.07673582434654236
0.0
0.0
0.0
2.2060182094573975
25.71703338623047
56.88093566894531
123.13573455810547
210.29225158691406
238.19068908691406
204.4076385498047
49.94631576538086
-40.387996673583984
-84.2096939086914
-49.22758483886719
-1.7709426879882812
0.6618055105209351
18.36661148071289
41.32054138183594
87.77452087402344
206.5416259765625
299.2690124511719
262.5105895996094
142.017822265625
78.73580169677734
69.96691131591797
27.13089370727539
0.7763359546661377
0.0
0.0
0.0
0.0
0.0
7.083393573760986
31.068466186523438
76.83613586425781
181.76580810546875
236.05909729003906
237.45680236816406
118.81844329833984
-16.40245819091797
-75.41584014892578
-73.2898178100586
-9.499504089355469
0.0
5.982789516448975
1.935579538345337
32.544532775878906
141.31613159179688
237.1147918701172
217.4021453857422
131.90975952148438
62.3642578125
20.349075317382812
2.0693631172180176
0.15347164869308472
0.0
0.0
0.0
0.0
0.0
0.8861746788024902
21.39242172241211
56.05511474609375
152.86712646484375
234.3144073486328
252.2371368408203
173.01112365722656
7.3552937507629395
-58.21088790893555
-80.69019317626953
-16.159082412719727
0.0
-0.2631146311759949
-6.4484639167785645
28.326234817504883
135.56021118164062
210.8229522705078
200.68344116210938
87.46288299560547
5.018060207366943
-55.237335205078125
-35.08181381225586
-1.066537857055664
0.0
0.0
0.0
0.0
0.0
0.44120365381240845
13.978059768676758
29.30445671081543
118.99433135986328
218.99099731445312
262.2547912597656
213.6986846923828
51.9089241027832
-28.565092086791992
-63.96717834472656
-14.793523788452148
0.0
0.1325523406267166
3.742631673812866
46.95423889160156
158.85853576660156
219.89071655273438
195.466552734375
75.28797149658203
-46.813838958740234
-94.83626556396484
-67.9137191772461
-10.407569885253906
-0.266634464263916
0.0
0.0
0.0
0.0
0.0
4.623445987701416
13.103203773498535
83.95764923095703
201.1447296142578
242.11009216308594
216.29104614257812
79.87073516845703
-1.4594006538391113
-26.829158782958984
-4.6782379150390625
0.0
0.6655728816986084
18.69367218017578
52.57818603515625
147.56842041015625
201.4347686767578
205.8747100830078
109.92484283447266
-10.749053001403809
-67.14450073242188
-82.1109619140625
-48.80880355834961
-9.48427963256836
-0.266634464263916
0.0
0.0
0.0
-0.335304856300354
-9.115126609802246
-14.067455291748047
73.52510833740234
178.12576293945312
232.87667846679688
202.85108947753906
105.58546447753906
25.180049896240234
11.914799690246582
6.410219192504883
0.0
0.44120365381240845
14.963662147521973
44.21577072143555
134.10951232910156
197.73477172851562
221.9088134765625
183.82473754882812
68.8556137084961
-36.8056526184082
-84.52702331542969
-89.29004669189453
-48.142669677734375
-9.169881820678711
-1.1327366828918457
-0.799903392791748
-0.670609712600708
-6.807182788848877
-21.300134658813477
-4.868331432342529
81.72377014160156
150.4355010986328
196.08290100097656
179.229736328125
106.95023345947266
45.69187927246094
44.164695739746094
10.563690185546875
0.0
0.0
6.356142997741699
43.97119903564453
122.32801055908203
208.65902709960938
261.5281066894531
249.47805786132812
152.43325805664062
21.15254020690918
-80.58354187011719
-105.54698944091797
-76.93672943115234
-37.08211135864258
-28.183950424194336
-27.788986206054688
-10.862354278564453
-20.527591705322266
-20.242874145507812
3.331138849258423
62.4741096496582
103.18164825439453
177.686767578125
169.99932861328125
107.56173706054688
61.0314826965332
50.921993255615234
7.2165703773498535
0.0
0.0
4.198969841003418
31.20940399169922
93.58851623535156
186.07015991210938
251.7375946044922
272.3272705078125
226.40110778808594
118.50698852539062
-5.883869171142578
-105.07640075683594
-113.20636749267578
-107.94578552246094
-100.07868957519531
-80.49556732177734
-33.3258171081543
-23.976634979248047
-42.59503173828125
-40.59908676147461
22.219512939453125
100.50920867919922
181.67405700683594
148.7764434814453
98.40117645263672
70.92613220214844
35.7809944152832
2.396765947341919
0.0
0.0
0.8824073076248169
22.646080017089844
62.50287628173828
125.56453704833984
215.5521697998047
261.1925048828125
281.6050109863281
231.79795837402344
114.03256225585938
-11.42554759979248
-99.39920806884766
-145.7194366455078
-148.52767944335938
-120.25723266601562
-99.71204376220703
-108.30561828613281
-104.7716293334961
-37.171409606933594
62.3167724609375
163.9296112060547
198.1288604736328
153.6505584716797
121.67794799804688
76.12255859375
18.320619583129883
0.30694329738616943
0.0
0.0
0.0
4.412036418914795
22.632957458496094
62.085044860839844
128.36875915527344
210.66505432128906
265.8509521484375
274.03448486328125
218.40895080566406
136.03085327148438
41.951717376708984
-69.10420227050781
-121.24790954589844
-140.12301635742188
-146.9596405029297
-118.63999938964844
-29.259061813354492
68.01728057861328
157.55368041992188
225.82655334472656
240.86180114746094
203.51651000976562
140.71470642089844
63.47380828857422
8.034417152404785
0.0
0.0
0.0
0.0
0.0
4.412036418914795
28.790971755981445
64.03350067138672
126.7802963256836
214.6842498779297
269.65814208984375
296.0748291015625
276.50146484375
209.0382537841797
116.18473815917969
12.675647735595703
-39.63327407836914
-33.162208557128906
41.41081237792969
135.64540100097656
202.19810485839844
273.9437255859375
312.3363037109375
277.0640563964844
199.4150390625
102.49959564208984
32.16801452636719
2.7894227504730225
0.0
0.0
0.0
0.0
0.0
0.0
2.2060182094573975
20.159387588500977
58.993011474609375
127.95612335205078
220.48829650878906
295.1265563964844
343.5373840332031
314.0801696777344
259.9477233886719
201.03172302246094
180.9842529296875
190.91513061523438
244.2406463623047
298.6797180175781
330.5291748046875
339.9576110839844
293.9080810546875
202.86521911621094
110.35443878173828
38.54269027709961
7.357497692108154
0.46041494607925415
0.0
0.0
0.0
0.0
0.0
0.0
0.0
4.412036418914795
28.790971755981445
63.65455627441406
124.0403060913086
210.71568298339844
292.57904052734375
353.6728515625
389.3720397949219
386.3994140625
376.6424865722656
379.2947998046875
388.1398010253906
386.79046630859375
339.2798767089844
261.3073425292969
165.08663940429688
77.83560943603516
26.212669372558594
5.976307392120361
0.30694329738616943
0.0
0.0
0.0
0.0
0.0
0.0
0.0
0.0
0.0
2.2060182094573975
20.686405181884766
57.37132263183594
103.22370910644531
180.4368133544922
254.44020080566406
323.6334228515625
367.21392822265625
375.360107421875
376.6420593261719
344.7352294921875
275.3614196777344
193.3648681640625
105.27010345458984
42.65720748901367
11.57848072052002
1.9093632698059082
0.15347164869308472
0.0
0.0
0.0
0.0
0.0
0.0
0.0
0.0
0.0
0.0
0.0
1.544212818145752
11.219260215759277
41.299564361572266
82.41840362548828
131.79640197753906
190.74745178222656
221.44107055664062
227.17291259765625
206.2273406982422
149.51124572753906
93.6885757446289
49.84010314941406
18.08783721923828
4.303961277008057
0.5371507406234741
0.0
0.0
0.0
0.0
0.0
0.0
0.0
0.0
0.0
0.0
0.0
0.0
0.0
0.0
0.22060182690620422
4.5490922927856445
14.011885643005371
36.1590461730957
48.34261703491211
54.72941970825195
49.300785064697266
34.26481628417969
19.795974731445312
8.456905364990234
3.340247392654419
0.6138865947723389
0.0
0.0
0.0
0.0
0.0
0.0
0.0
0.0
0.0
0.0
0.0
0.0
0.0
0.0
0.6346491575241089
2.4868829250335693
9.428430557250977
20.902286529541016
37.7514762878418
59.23751449584961
75.17271423339844
84.44747161865234
83.11164855957031
65.46586608886719
35.98807144165039
14.059991836547852
2.449540853500366
0.0
0.0
0.0
0.0
0.0
0.0
0.0
0.0
0.0
0.0
0.0
0.0
0.0
0.47598686814308167
6.188709735870361
28.214820861816406
71.74166107177734
147.57456970214844
244.83912658691406
332.0879821777344
398.2500305175781
453.0140380859375
463.1040954589844
453.37689208984375
395.47369384765625
290.05609130859375
170.5147705078125
69.77906036376953
17.8139591217041
2.143348217010498
0.0
0.0
0.0
0.0
0.0
0.0
0.0
0.0
0.0
0.0
1.586622953414917
15.038111686706543
53.259605407714844
139.25767517089844
292.0422668457031
457.7190856933594
634.2312622070312
747.9526977539062
817.9701538085938
883.9072265625
895.6834716796875
893.4028930664062
834.098388671875
699.2276000976562
516.9871826171875
310.0008544921875
136.0664520263672
34.39334487915039
2.449540853500366
0.0
0.0
0.0
0.0
0.0
0.0
0.0
0.0
5.077193260192871
28.14310646057129
84.78697204589844
208.03465270996094
405.96563720703125
657.7578125
868.9906616210938
1056.4364013671875
1168.220458984375
1216.7774658203125
1257.7891845703125
1258.7464599609375
1262.3221435546875
1229.5113525390625
1126.9696044921875
929.1021728515625
663.01171875
385.2049865722656
150.84017944335938
28.729326248168945
0.9185777902603149
0.0
0.0
0.0
0.0
0.0
0.0
1.586622953414917
21.266586303710938
84.59362030029297
231.58181762695312
479.6885986328125
765.4332275390625
1027.0418701171875
1199.00341796875
1308.93505859375
1334.5234375
1266.076171875
1175.19970703125
1116.095458984375
1139.3795166015625
1225.38623046875
1300.898193359375
1258.9813232421875
1027.203125
703.5859985351562
357.91461181640625
107.3888931274414
12.658883094787598
0.3061926066875458
0.0
0.0
0.0
0.0
1.1106359958648682
15.812997817993164
60.88866424560547
208.59194946289062
473.5325622558594
790.6986694335938
1069.43212890625
1237.6473388671875
1310.9453125
1260.2449951171875
1121.3580322265625
918.3106689453125
737.52001953125
623.1336059570312
645.46533203125
804.4545288085938
1030.45361328125
1240.59912109375
1252.8759765625
1022.785400390625
660.9563598632812
293.47320556640625
75.48016357421875
7.103977680206299
0.0
0.0
0.0
0.0
4.742323875427246
39.19124221801758
140.55259704589844
393.4609680175781
729.785888671875
1042.189453125
1256.0185546875
1321.2008056640625
1223.603759765625
1011.8482666015625
729.427978515625
480.1662292480469
301.8648986816406
179.3401336669922
176.372314453125
314.1450500488281
583.3502197265625
929.7938842773438
1181.29296875
1178.9222412109375
933.2194213867188
548.8712768554688
204.30328369140625
35.52971649169922
0.9185777902603149
0.0
0.0
0.0
6.420076370239258
54.59407424926758
236.73411560058594
537.4154052734375
899.2069702148438
1202.5745849609375
1328.2142333984375
1241.3687744140625
972.4188232421875
677.4932250976562
383.6432800292969
179.7136993408203
46.716773986816406
-57.447296142578125
-93.88101196289062
-28.707828521728516
176.75247192382812
526.122314453125
931.2427368164062
1176.0179443359375
1105.0726318359375
812.0911254882812
410.36199951171875
113.61914825439453
11.51377010345459
0.0
0.0
0.47598686814308167
13.101059913635254
76.83141326904297
328.3963623046875
643.1435546875
1030.8017578125
1316.8094482421875
1308.7410888671875
1092.2001953125
750.1856689453125
413.8758850097656
162.57943725585938
30.294288635253906
-18.199071884155273
-39.77471160888672
-73.55120086669922
-97.00210571289062
-31.53133201599121
197.24159240722656
582.1707763671875
998.7688598632812
1157.9149169921875
1020.2506103515625
663.7318725585938
264.0573425292969
50.5156135559082
1.224770426750183
0.0
-0.14351540803909302
-4.249394416809082
44.26071548461914
275.078125
591.6972045898438
1011.37255859375
1290.4927978515625
1234.385498046875
959.4474487304688
606.4915771484375
248.60382080078125
43.80956268310547
-14.447334289550781
-7.982677936553955
-1.9335787296295166
-13.221291542053223
-58.24913024902344
-91.625244140625
20.779003143310547
300.4945373535156
725.9232788085938
1098.842041015625
1120.397216796875
847.0512084960938
429.22674560546875
108.34091186523438
4.839080333709717
0.0
0.007625573314726353
-10.645060539245605
10.177288055419922
164.61404418945312
487.6219787597656
873.7035522460938
1177.5128173828125
1139.24853515625
842.4976196289062
471.92205810546875
122.7197036743164
-2.828796148300171
-2.1959781646728516
-0.18619917333126068
0.0
-0.9023245573043823
-13.107400894165039
-63.9082145690918
-67.94720458984375
142.4143829345703
505.1573486328125
972.8033447265625
1180.0098876953125
1012.007568359375
632.0364990234375
228.7415008544922
30.396448135375977
0.6123852133750916
-0.4671919047832489
-19.6458740234375
-30.228866577148438
56.132442474365234
390.4546203613281
759.442138671875
1065.84375
1044.0428466796875
733.3521118164062
336.9469299316406
67.99288177490234
-0.9687666296958923
-0.09309958666563034
0.0
0.0
0.0
-1.0025827884674072
-20.80682373046875
-75.41703033447266
44.802268981933594
363.6773681640625
794.8841552734375
1163.5423583984375
1122.35986328125
798.7860107421875
372.5823974609375
77.01751708984375
2.2664437294006348
-0.30077484250068665
-14.867380142211914
-42.62100601196289
28.699970245361328
342.38165283203125
684.4710693359375
957.5043334960938
922.9100341796875
586.3547973632812
211.43362426757812
26.808883666992188
0.20521506667137146
0.0
0.0
0.0
0.0
0.0
-4.182351112365723
-45.64190673828125
-20.52992057800293
252.7976531982422
637.0370483398438
1095.59375
1209.8089599609375
943.7020263671875
539.007568359375
165.90538024902344
12.491373062133789
0.0
-2.8766939640045166
-13.995742797851562
71.71074676513672
352.50665283203125
725.4439086914062
970.1227416992188
930.2227783203125
553.6856689453125
170.89039611816406
11.62784481048584
-0.18619917333126068
0.0
0.0
0.0
0.0
0.0
-0.8127526640892029
-26.108409881591797
-48.868526458740234
163.5585174560547
530.1705932617188
998.6995849609375
1257.08251953125
1060.41162109375
686.9238891601562
260.845947265625
25.9038028717041
0.0
-0.3969707787036896
-11.294939041137695
76.96200561523438
338.0667724609375
742.52783203125
1042.2003173828125
1020.6295776367188
656.203857421875
260.1566467285156
49.1989860534668
1.224770426750183
0.0
0.0
0.0
0.0
0.0
-0.20051656663417816
-13.440596580505371
-52.25380325317383
101.44568634033203
453.59014892578125
897.45263671875
1261.6527099609375
1124.1708984375
757.3856811523438
325.60308837890625
40.098236083984375
0.0
-0.8183553814888
-24.961050033569336
14.903266906738281
280.6966552734375
692.6227416992188
1091.078857421875
1144.287353515625
831.6981811523438
437.3893127441406
132.43934631347656
13.026623725891113
0.3061926066875458
0.0
0.0
0.0
0.0
0.0
-0.9258891940116882
-17.606369018554688
110.65785217285156
463.6830749511719
867.6793823242188
1239.408203125
1120.6158447265625
755.9329833984375
341.4997253417969
46.11075210571289
0.0
-0.7124943733215332
-26.393522262573242
-44.27794647216797
191.1062774658203
572.0394897460938
1039.3619384765625
1250.91748046875
1077.2332763671875
725.9180297851562
327.17816162109375
84.54981994628906
11.617209434509277
0.3061926066875458
0.0
0.0
0.0
0.6346491575241089
12.222603797912598
31.55478858947754
201.62864685058594
548.0847778320312
943.2985229492188
1221.41162109375
1066.617919921875
681.1828002929688
284.7995300292969
34.18472671508789
0.0
-0.20051656663417816
-14.816160202026367
-63.11948776245117
71.28546905517578
377.8069152832031
799.8184814453125
1182.1126708984375
1211.49755859375
987.9676513671875
622.6332397460938
278.2991638183594
86.19589233398438
15.530813217163086
3.1291487216949463
0.9185777902603149
1.2692983150482178
14.460811614990234
51.09181213378906
137.27334594726562
378.23333740234375
714.9058227539062
1050.7161865234375
1181.5179443359375
957.7658081054688
560.6558227539062
201.99610900878906
19.406803131103516
0.0
0.0
-7.069990634918213
-54.5843391418457
-27.819351196289062
179.1899871826172
512.6746215820312
934.4848022460938
1195.379638671875
1176.5201416015625
952.0068969726562
639.2169189453125
359.5013427734375
191.96168518066406
103.77996826171875
47.33208465576172
33.21884536743164
80.96133422851562
191.23275756835938
381.3632507324219
663.1174926757812
948.7796020507812
1173.1795654296875
1126.7369384765625
836.2896118164062
426.491943359375
114.00513458251953
5.30681848526001
0.0
0.0
-2.728346347808838
-39.464942932128906
-80.53826904296875
-5.1276164054870605
217.6102752685547
566.8141479492188
951.1605224609375
1183.7109375
1195.3631591796875
1033.4697265625
776.1387329101562
533.2927856445312
369.0787658691406
247.58676147460938
227.6865692138672
336.5699157714844
534.5413208007812
736.9658203125
946.9011840820312
1141.6583251953125
1204.46435546875
999.4833374023438
668.126708984375
290.2623596191406
50.04617691040039
-0.6136653423309326
0.0
0.0
-0.4010331332683563
-15.221508979797363
-65.14801025390625
-84.89750671386719
3.477368116378784
201.55288696289062
568.8839111328125
956.4701538085938
1196.7781982421875
1287.3326416015625
1188.5635986328125
967.608642578125
784.8026123046875
655.2538452148438
625.3228759765625
733.453125
918.0224609375
1045.39697265625
1144.51708984375
1195.24169921875
1061.628173828125
773.5916748046875
454.54766845703125
163.1849365234375
15.304837226867676
-0.37239834666252136
0.0
0.0
0.0
-2.0051655769348145
-18.532865524291992
-64.21263122558594
-89.86631774902344
-11.638866424560547
205.94911193847656
552.0011596679688
926.5740356445312
1215.6024169921875
1358.63330078125
1308.425537109375
1183.505126953125
1084.6412353515625
1048.184814453125
1101.157470703125
1176.9237060546875
1186.8514404296875
1130.23876953125
971.7093505859375
734.4512939453125
493.4822998046875
245.32484436035156
75.36026000976562
5.323431015014648
0.0
0.0
0.0
0.0
0.0
-2.0051655769348145
-19.281497955322266
-66.32810974121094
-85.20757293701172
-7.204617977142334
178.14968872070312
495.1378479003906
835.5530395507812
1140.2999267578125
1333.9705810546875
1365.0997314453125
1331.3829345703125
1272.7740478515625
1229.37109375
1176.7667236328125
1044.4212646484375
829.5338134765625
590.4583740234375
391.2261657714844
231.37904357910156
75.81078338623047
10.683362007141113
0.05704766511917114
0.0
0.0
0.0
0.0
0.0
0.0
-1.0025827884674072
-15.33536148071289
-64.0811767578125
-88.47843933105469
-16.402151107788086
133.4014434814453
381.8706359863281
678.5014038085938
933.793701171875
1060.0689697265625
1085.4632568359375
1051.5675048828125
955.51904296875
823.3868408203125
636.7550048828125
436.9964599609375
274.0657653808594
142.06678771972656
48.059059143066406
-3.3907761573791504
-6.718075752258301
-0.5585975050926208
0.0
0.0
0.0
0.0
0.0
0.0
0.0
-2.0051655769348145
-19.281497955322266
-65.73823547363281
-88.39778137207031
-56.42253875732422
58.27154541015625
237.98191833496094
454.750244140625
586.1740112304688
626.3128662109375
611.9296875
509.48309326171875
401.6850280761719
285.8769226074219
167.34487915039062
73.11608123779297
3.029672145843506
-17.211156845092773
-6.160848617553711
-0.37239834666252136
0.0
0.0
0.0
0.0
0.0
0.0
0.0
0.0
0.0
-1.0025827884674072
-12.909830093383789
-50.47728729248047
-88.16138458251953
-75.59608459472656
-38.793819427490234
65.74916076660156
157.72686767578125
194.90345764160156
197.96420288085938
144.5654754638672
104.28889465332031
74.20602416992188
14.77707576751709
-13.366494178771973
-9.520026206970215
-2.345135450363159
-0.18619917333126068
0.0
0.0
0.0
0.0
0.0
0.0
0.0
0.0
0.0
0.0
0.0
-0.701807975769043
-6.755218505859375
-30.745956420898438
-65.29973602294922
-80.05349731445312
-73.22450256347656
-56.8620719909668
-38.30210876464844
-21.911169052124023
-20.909194946289062
-22.700729370117188
-20.51888656616211
-15.118865966796875
-5.321887016296387
-0.6516970992088318
0.0
0.0
0.0
0.0
0.0
0.0
0.0
0.0
0.0
0.0
0.0
0.0
0.0
0.0
-0.10025828331708908
-2.274786949157715
-10.283672332763672
-22.892349243164062
-35.3187141418457
-21.030170440673828
-23.72417449951172
-25.581907272338867
-11.017559051513672
-7.408677101135254
-4.166965484619141
-0.7447966933250427
0.0
0.0
0.0
0.0
0.0
0.0
0.0
0.0
0.0
0.0
0.0
0.0
0.0
0.0
-1.5407735109329224
-3.452709913253784
-11.273551940917969
-10.81683349609375
-5.18742036819458
-10.523602485656738
-4.776211738586426
8.914872169494629
20.283405303955078
7.549368381500244
0.8031330108642578
-4.1164231300354
-1.5419433116912842
0.0
0.0
0.0
0.0
0.0
0.0
0.0
0.0
0.0
0.0
0.0
0.0
0.0
-1.1555801630020142
-13.086051940917969
-42.63237762451172
-41.73676681518555
-33.06502151489258
1.5242202281951904
28.954891204833984
57.218101501464844
75.21617889404297
90.04590606689453
115.46923828125
105.18766784667969
66.5227279663086
12.555139541625977
-10.196150779724121
-7.071242332458496
-1.3492003679275513
0.0
0.0
0.0
0.0
0.0
0.0
0.0
0.0
0.0
0.0
-3.851933717727661
-30.388139724731445
-62.755714416503906
-47.309574127197266
60.59371566772461
181.92282104492188
307.4268493652344
396.4455871582031
474.68017578125
527.1069946289062
545.7279663085938
521.0147094726562
447.7591247558594
336.6498718261719
208.70010375976562
74.71614837646484
-6.771611213684082
-14.682952880859375
-1.5419433116912842
0.0
0.0
0.0
0.0
0.0
0.0
0.0
0.0
-12.326188087463379
-48.783775329589844
-69.25858306884766
8.86664867401123
201.05023193359375
449.54510498046875
696.0008544921875
908.1678466796875
1090.1806640625
1201.6561279296875
1266.1549072265625
1269.29443359375
1224.1663818359375
1105.7427978515625
896.336181640625
654.2520751953125
379.67828369140625
132.32318115234375
-4.485592842102051
-13.757366180419922
-0.5782287120819092
0.0
0.0
0.0
0.0
0.0
0.0
-3.851933717727661
-48.80915832519531
-68.41455078125
62.35340118408203
349.0099182128906
702.7606201171875
1038.560546875
1378.3729248046875
1671.7510986328125
1867.8131103515625
1921.8154296875
1921.212158203125
1886.2220458984375
1835.1844482421875
1738.1270751953125
1564.9012451171875
1275.994873046875
876.3721313476562
463.9779357910156
132.0958709716797
-10.95688533782959
-6.419800758361816
-0.19274291396141052
0.0
0.0
0.0
0.0
-2.6963536739349365
-35.0045051574707
-67.60051727294922
71.81095123291016
427.1492919921875
867.711669921875
1282.33935546875
1686.7476806640625
2010.467041015625
2192.132568359375
2177.462158203125
2068.43701171875
1944.144287109375
1891.2781982421875
1903.75390625
1936.1739501953125
1922.9769287109375
1773.494873046875
1417.4765625
906.6033935546875
425.5442199707031
87.06458282470703
-19.53559112548828
-4.152835845947266
0.0
0.0
0.0
0.0
-12.309710502624512
-70.50513458251953
27.35850715637207
391.4096984863281
907.0894775390625
1374.8900146484375
1827.1134033203125
2194.1572265625
2276.722412109375
2133.816162109375
1861.4718017578125
1604.108154296875
1379.523193359375
1274.6201171875
1322.3966064453125
1516.7620849609375
1762.8560791015625
1898.38525390625
1789.8460693359375
1394.491943359375
817.6103515625
322.46923828125
26.79681968688965
-12.719783782958984
-0.5782287120819092
0.0
0.0
0.0
-17.147533416748047
-30.015867233276367
247.88580322265625
766.0338745117188
1355.3167724609375
1851.1485595703125
2254.65283203125
2311.9072265625
2041.2618408203125
1647.1614990234375
1274.7008056640625
933.9619140625
677.5160522460938
548.0524291992188
624.3201904296875
874.59130859375
1240.177734375
1627.158447265625
1828.029541015625
1738.099609375
1254.983642578125
649.7247314453125
198.71755981445312
-2.727388381958008
-6.290733814239502
0.0
0.0
-1.1555801630020142
-25.50889015197754
69.49193572998047
484.84967041015625
1103.953125
1710.726318359375
2194.12451171875
2353.382568359375
2071.6953125
1582.0997314453125
1100.625244140625
719.1771850585938
380.25225830078125
176.90707397460938
81.94739532470703
134.54454040527344
350.1406555175781
703.33740234375
1168.2772216796875
1616.269287109375
1794.1441650390625
1612.9395751953125
1044.2698974609375
469.65338134765625
78.69279479980469
-16.02867889404297
-0.7709716558456421
0.0
0.007061672396957874
19.15886688232422
226.7190704345703
659.4993896484375
1313.9539794921875
1936.6800537109375
2355.438232421875
2234.312255859375
1746.1387939453125
1143.4449462890625
639.4906616210938
265.8586120605469
77.09381866455078
15.423209190368652
0.6469579935073853
2.7305219173431396
74.41189575195312
313.39178466796875
688.9818725585938
1224.924560546875
1668.468994140625
1809.515869140625
1444.318359375
772.6295166015625
245.7326202392578
9.082359313964844
-1.7701382637023926
0.0
0.872918963432312
51.99403381347656
266.1456298828125
665.3761596679688
1307.2882080078125
1983.8116455078125
2342.9150390625
2044.1849365234375
1449.9071044921875
803.216796875
321.6230773925781
53.81065368652344
4.388749122619629
0.23637917637825012
0.0
-0.4814440906047821
2.835420846939087
96.92755889892578
348.47662353515625
808.5291137695312
1428.585205078125
1796.875
1694.54248046875
1088.41259765625
469.9847106933594
81.41880798339844
-11.032029151916504
-0.38548582792282104
1.365385890007019
51.93067169189453
181.2249755859375
501.399169921875
1140.8470458984375
1867.98193359375
2165.31494140625
1825.553466796875
1167.569580078125
556.231689453125
155.6280059814453
8.355374336242676
0.11818958818912506
0.0
0.0
0.0
-0.534937858581543
13.642533302307129
163.82066345214844
514.1630249023438
1152.2374267578125
1698.5755615234375
1843.1575927734375
1404.83203125
726.353515625
200.1359100341797
-6.985043525695801
-0.7886977195739746
-0.16048136353492737
7.872597694396973
50.73667526245117
343.1102600097656
975.9949951171875
1706.0064697265625
1922.6170654296875
1579.204345703125
926.4649658203125
390.94921875
71.52106475830078
1.5498712062835693
0.0
0.0
0.0
0.0
0.0
1.0388003587722778
86.2842788696289
347.55963134765625
895.3602294921875
1542.408203125
1889.8629150390625
1678.1234130859375
993.7735595703125
375.97845458984375
34.901336669921875
-4.563358783721924
0.0
-1.7838389873504639
20.099040985107422
272.0340881347656
856.3732299804688
1509.513427734375
1741.14111328125
1392.071044921875
735.2611083984375
223.4491729736328
17.373178482055664
0.23637917637825012
0.0
0.0
0.0
0.0
0.0
0.6427883505821228
41.70127487182617
221.9376220703125
679.0018920898438
1387.9573974609375
1875.771240234375
1875.6280517578125
1263.051025390625
586.7590942382812
120.44612884521484
-0.45511338114738464
0.0
2.078856945037842
62.039302825927734
282.8333435058594
844.1928100585938
1431.9306640625
1708.3936767578125
1339.53076171875
680.591064453125
139.11422729492188
-13.150528907775879
-0.7709716558456421
0.0
0.0
0.0
0.0
0.0
-0.10698757320642471
11.326656341552734
122.08089447021484
510.7611083984375
1212.0972900390625
1840.966552734375
2003.1436767578125
1508.166015625
771.985107421875
220.4902801513672
17.409971237182617
0.0
2.2954728603363037
72.56529235839844
282.7811279296875
818.0556030273438
1425.768798828125
1759.625732421875
1472.4671630859375
806.0220336914062
252.2147979736328
7.914765357971191
-6.332292556762695
-0.19274291396141052
0.0
0.0
0.0
0.0
0.0
-6.841738700866699
39.10465621948242
413.49053955078125
1103.97314453125
1818.723388671875
2056.212646484375
1630.67138671875
882.6060180664062
300.1372375488281
36.7110710144043
0.0
0.696282148361206
42.65958786010742
242.92300415039062
729.9879150390625
1395.854736328125
1782.4495849609375
1668.41357421875
1093.5543212890625
524.61083984375
125.29278564453125
-16.134414672851562
-6.402074813842773
-0.19274291396141052
0.0
0.0
0.0
-1.5407735109329224
-29.282516479492188
20.899898529052734
424.24322509765625
1117.46142578125
1827.9859619140625
2053.68505859375
1640.9920654296875
899.6588134765625
326.7132263183594
44.17599105834961
0.0
-0.10698757320642471
19.72870445251465
195.15435791015625
612.823974609375
1232.6300048828125
1748.25732421875
1856.7864990234375
1474.982421875
880.4305419921875
377.04229736328125
60.90007019042969
-16.684221267700195
-4.803341865539551
-0.19445830583572388
-0.5782287120819092
-3.0815470218658447
-30.392799377441406
-58.7266960144043
98.72370147705078
589.432373046875
1273.8939208984375
1899.0506591796875
2005.5684814453125
1521.37255859375
810.7086181640625
293.06689453125
34.71529006958008
0.0
0.0
8.68882942199707
125.975341796875
454.9877014160156
973.2861328125
1549.027587890625
1858.6199951171875
1763.4349365234375
1288.5828857421875
719.1156616210938
296.2374267578125
85.73484802246094
31.47598648071289
3.3514254093170166
-27.14408302307129
-37.62580490112305
-67.09903717041016
23.756479263305664
351.17401123046875
884.9764404296875
1502.283203125
1971.2059326171875
1910.011474609375
1328.1690673828125
665.2400512695312
213.1494140625
16.775453567504883
0.0
0.0
0.6971449851989746
56.15593338012695
266.64697265625
665.4015502929688
1206.6016845703125
1647.49365234375
1807.41845703125
1662.154052734375
1212.7637939453125
740.34130859375
440.3348083496094
227.77435302734375
58.017337799072266
-55.54814529418945
-31.845478057861328
89.2099380493164
350.2760314941406
758.3849487304688
1290.4482421875
1819.1796875
2042.8074951171875
1736.990478515625
1096.61474609375
504.4263610839844
117.29052734375
4.39982795715332
0.0
0.0
-0.21397514641284943
4.619175910949707
90.21146392822266
349.4246826171875
752.30224609375
1230.5933837890625
1636.7783203125
1808.8267822265625
1696.0009765625
1355.66552734375
986.8400268554688
636.9273071289062
354.2178039550781
227.59661865234375
281.70697021484375
530.1080322265625
879.1393432617188
1303.177490234375
1763.12841796875
2073.1337890625
1960.3802490234375
1474.9315185546875
859.6018676757812
349.46319580078125
50.569725036621094
0.47275835275650024
0.0
0.0
0.0
-1.069875717163086
10.757791519165039
102.47504425048828
345.7913513183594
745.68505859375
1247.8223876953125
1655.386962890625
1871.0081787109375
1869.224609375
1619.77685546875
1283.720703125
994.5123291015625
858.7881469726562
919.005859375
1182.3582763671875
1536.70166015625
1870.9490966796875
2066.5771484375
2001.593994140625
1651.689697265625
1136.1397705078125
600.7559204101562
195.82275390625
19.006032943725586
0.0
0.0
0.0
0.0
0.0
-1.069875717163086
4.9761481285095215
95.93533325195312
351.0487060546875
750.4354248046875
1248.521728515625
1682.7398681640625
1965.1932373046875
2025.2283935546875
1908.1898193359375
1721.0626220703125
1599.2177734375
1653.1761474609375
1844.2900390625
2039.8482666015625
2067.487060546875
1916.1845703125
1594.80908203125
1181.947509765625
731.2197265625
326.1432800292969
75.16947937011719
5.35875129699707
0.0
0.0
0.0
0.0
0.0
0.0
-0.534937858581543
7.522961616516113
95.56067657470703
336.59808349609375
727.7838745117188
1202.128173828125
1658.6383056640625
1975.479736328125
2150.008544921875
2154.55224609375
2097.802001953125
2089.225830078125
2109.597900390625
2021.180419921875
1757.2735595703125
1405.2672119140625
1033.8341064453125
653.7658081054688
321.3262634277344
102.83137512207031
14.23665714263916
0.7091375589370728
0.0
0.0
0.0
0.0
0.0
0.0
0.0
-1.069875717163086
4.9761481285095215
90.33216857910156
306.89141845703125
644.9603881835938
1058.9681396484375
1465.913330078125
1782.9840087890625
1943.7633056640625
1958.7679443359375
1879.77734375
1722.290283203125
1466.582275390625
1152.67578125
813.2318725585938
486.22418212890625
222.52847290039062
70.16277313232422
11.023100852966309
0.47275835275650024
0.0
0.0
0.0
0.0
0.0
0.0
0.0
0.0
0.0
-0.534937858581543
1.8202646970748901
51.35019302368164
220.90977478027344
485.7817687988281
803.8319091796875
1079.857666015625
1251.979736328125
1270.091552734375
1181.8258056640625
1005.3580932617188
796.2617797851562
558.1725463867188
302.7889099121094
114.85646057128906
27.4169979095459
3.672908306121826
0.23637917637825012
0.0
0.0
0.0
0.0
0.0
0.0
0.0
0.0
0.0
0.0
0.0
-0.3744564950466156
0.39252978563308716
21.201723098754883
106.07518768310547
266.9576110839844
431.7444152832031
534.0174560546875
554.9412841796875
500.4188537597656
390.3131408691406
265.1603698730469
139.73809814453125
47.13298416137695
9.191302299499512
0.8273271322250366
0.0
0.0
0.0
0.0
0.0
0.0
0.0
0.0
0.0
0.0
0.0
0.0
0.0
0.0
-0.05349378660321236
-0.7196458578109741
4.8462300300598145
23.748374938964844
73.9999771118164
117.06302642822266
124.1229019165039
91.09420776367188
50.89297866821289
25.903766632080078
8.073017120361328
0.9455167055130005
0.0
0.0
0.0
0.0
0.0
0.0
0.0
0.0
0.0
0.0
0.0
0.0
0.0
0.0
-0.6394829154014587
-1.5299180746078491
-5.754542827606201
-7.495639801025391
-10.268373489379883
-14.822412490844727
-12.548674583435059
-12.406699180603027
-5.353048801422119
-2.2378780841827393
0.12212127447128296
0.24593143165111542
-0.0005962422001175582
0.0
0.0
0.0
0.0
0.0
0.0
0.0
0.0
0.0
0.0
0.0
0.0
0.0
-0.47961217164993286
-5.503915786743164
-18.699813842773438
-27.745872497558594
-43.27033615112305
-48.427738189697266
-53.79558563232422
-55.534358978271484
-61.73798370361328
-58.52501678466797
-53.75538635253906
-38.152496337890625
-19.302534103393555
-5.836794376373291
-0.15303024649620056
0.21384845674037933
-0.0005217119469307363
0.0
0.0
0.0
0.0
0.0
0.0
0.0
0.0
0.0
0.0
-1.5987073183059692
-12.508681297302246
-27.090137481689453
-39.08628845214844
-49.1288948059082
-44.528411865234375
-64.30119323730469
-77.29190063476562
-85.32595825195312
-106.47189331054688
-113.29473876953125
-119.33589935302734
-113.86965942382812
-88.96349334716797
-57.99497985839844
-23.970138549804688
-3.956286668777466
-0.4691786766052246
-0.0005962422001175582
0.0
0.0
0.0
0.0
0.0
0.0
0.0
0.0
-5.11586332321167
-19.86953353881836
-32.47877502441406
-36.56251525878906
-31.874120712280273
-57.27042770385742
-85.951416015625
-126.99210357666016
-150.87274169921875
-150.77012634277344
-163.44561767578125
-169.53599548339844
-172.52183532714844
-178.22264099121094
-157.5438690185547
-115.35362243652344
-79.546142578125
-39.78905487060547
-8.72305965423584
-0.7250975966453552
-0.00022359081776812673
0.0
0.0
0.0
0.0
0.0
0.0
-1.5987073183059692
-16.81064224243164
-28.253223419189453
-27.968433380126953
-36.204952239990234
-72.21016693115234
-138.09164428710938
-163.74899291992188
-162.97982788085938
-165.760498046875
-140.55763244628906
-152.27162170410156
-165.96084594726562
-175.737060546875
-182.42123413085938
-194.02403259277344
-186.76263427734375
-128.32376098632812
-86.71353912353516
-39.34575653076172
-7.913278579711914
-0.2762666940689087
-7.453027501469478e-05
0.0
0.0
0.0
0.0
-1.1190950870513916
-13.544927597045898
-18.903263092041016
-20.06726837158203
-39.75593948364258
-87.98211669921875
-143.25819396972656
-162.29920959472656
-154.31951904296875
-151.06179809570312
-168.8399200439453
-154.88600158691406
-136.18614196777344
-108.35469055175781
-118.01769256591797
-147.6735382080078
-162.90850830078125
-192.76144409179688
-175.13844299316406
-127.84874725341797
-87.21414184570312
-26.327306747436523
-3.295905351638794
-0.10318071395158768
0.0
0.0
0.0
0.0
-4.301972389221191
-21.273902893066406
-9.597908020019531
-35.63529968261719
-87.18402862548828
-138.35028076171875
-155.03079223632812
-164.591796875
-170.75747680664062
-174.97962951660156
-148.8024444580078
-98.55662536621094
-58.209144592285156
-34.10060501098633
-27.24239158630371
-64.18511199951172
-126.37471008300781
-167.88775634765625
-183.7108154296875
-140.99403381347656
-114.18463897705078
-72.85682678222656
-19.85543441772461
-2.1938321590423584
-0.00022359081776812673
0.0
0.0
0.0
-3.156810760498047
-1.874285340309143
-11.264283180236816
-61.137916564941406
-132.291259765625
-158.22021484375
-168.0443878173828
-188.43182373046875
-162.67388916015625
-134.51808166503906
-68.04637145996094
-20.178796768188477
-15.176545143127441
-7.807898998260498
0.3078688383102417
-4.136428356170654
-48.77349090576172
-121.72613525390625
-163.98876953125
-172.90792846679688
-130.36302185058594
-108.03532409667969
-49.105140686035156
-9.088335990905762
-0.3071571886539459
0.0
0.0
-0.47961217164993286
-5.021446704864502
10.240618705749512
-32.61001968383789
-91.1112289428711
-153.26539611816406
-178.8475341796875
-193.94580078125
-181.65359497070312
-121.36312866210938
-70.00521850585938
-42.543251037597656
-10.509309768676758
-0.06566186994314194
17.960397720336914
25.14178466796875
11.296215057373047
-9.437055587768555
-68.22620391845703
-125.91117858886719
-174.76272583007812
-151.569580078125
-113.6852798461914
-90.61248779296875
-27.953155517578125
-3.4772443771362305
-0.0002981211000587791
0.0
0.3488104045391083
15.623298645019531
39.55239486694336
-29.14848518371582
-110.39128875732422
-156.20297241210938
-195.97508239746094
-200.68592834472656
-151.3319549560547
-83.85526275634766
-43.48997116088867
-22.95111083984375
2.4851155281066895
2.0330612659454346
2.104997158050537
16.119762420654297
31.413265228271484
21.680932998657227
-27.822996139526367
-97.50743103027344
-149.4228973388672
-164.14907836914062
-115.83111572265625
-103.70726776123047
-61.49612808227539
-13.897517204284668
-0.40698403120040894
0.0
0.47832056879997253
24.36468505859375
45.20901870727539
-46.68376541137695
-120.19976043701172
-123.49176788330078
-178.80772399902344
-185.10752868652344
-128.64718627929688
-68.9910888671875
-26.174175262451172
-1.2701529264450073
0.5129203200340271
0.04693484306335449
0.0
1.683290719985962
16.198509216308594
35.670589447021484
17.346744537353516
-63.32362747192383
-124.87806701660156
-174.7747344970703
-155.17034912109375
-113.14826202392578
-84.33899688720703
-24.759445190429688
-1.2480580806732178
-0.00014906055002938956
-0.017797257751226425
12.784224510192871
22.705080032348633
-20.490489959716797
-86.17538452148438
-107.12348175048828
-180.2852020263672
-175.75599670410156
-92.64492797851562
-41.92727279663086
-19.512571334838867
0.009616859257221222
0.023467421531677246
0.0
0.0
0.0
1.8703229427337646
23.734355926513672
50.47146224975586
-18.51926040649414
-114.0611572265625
-171.32762145996094
-175.00857543945312
-108.66276550292969
-92.03301239013672
-55.247379302978516
-9.166876792907715
-0.20345474779605865
0.5610969066619873
17.67724609375
24.075366973876953
1.5755693912506104
-76.88556671142578
-122.96330261230469
-166.73904418945312
-141.40892028808594
-64.09522247314453
-31.629323959350586
-10.891969680786133
-0.20103538036346436
0.0
0.0
0.0
0.0
0.0
6.648316383361816
44.56330871582031
27.9050350189209
-84.94210815429688
-142.04798889160156
-193.7061004638672
-148.53855895996094
-107.26344299316406
-73.63616943359375
-18.078489303588867
-0.6038135886192322
0.0
6.075189113616943
29.73133659362793
24.234724044799805
-74.10956573486328
-176.45558166503906
-169.80812072753906
-127.16867065429688
-49.733768463134766
-24.092260360717773
-1.760327696800232
0.04693484306335449
0.0
0.0
0.0
0.0
0.0
0.9232966303825378
27.910390853881836
41.58443832397461
-58.358821868896484
-138.6344451904297
-178.2503204345703
-167.81495666503906
-101.58367919921875
-87.67166137695312
-42.65554428100586
-3.8047518730163574
0.0
0.8584361672401428
29.358226776123047
24.55145263671875
-79.97782135009766
-186.9318084716797
-168.26869201660156
-106.45355987548828
-73.70033264160156
-34.003448486328125
-3.402590751647949
-0.0002981211000587791
0.0
0.0
0.0
0.0
0.0
0.3740645945072174
15.42851734161377
43.4441032409668
-25.286903381347656
-115.3478012084961
-159.83792114257812
-196.71685791015625
-122.4496078491211
-87.63778686523438
-54.82994842529297
-6.0083465576171875
0.0
0.6692153215408325
27.571813583374023
31.61749267578125
-74.31443786621094
-152.10231018066406
-176.52867126464844
-133.18240356445312
-104.60842895507812
-56.200653076171875
-12.976627349853516
-0.37780773639678955
-7.453027501469478e-05
0.0
0.0
0.0
0.0
0.0
4.031391143798828
39.9202880859375
-6.7356276512146
-115.5302734375
-155.491455078125
-203.94464111328125
-130.8387451171875
-73.03282928466797
-61.97064208984375
-10.469088554382324
0.0
0.7362643480300903
30.11908721923828
49.77126693725586
-63.689823150634766
-151.07882690429688
-175.4954833984375
-170.59552001953125
-125.13737487792969
-96.79579162597656
-33.502418518066406
-3.047987937927246
-0.07311005890369415
-7.453027501469478e-05
0.0
0.0
0.0
-0.6394829154014587
-9.253646850585938
21.154775619506836
-5.873927116394043
-107.17822265625
-149.35455322265625
-208.88339233398438
-142.05836486816406
-64.52949523925781
-53.410579681396484
-9.005475997924805
0.0
0.3740645945072174
18.755184173583984
62.0197639465332
-14.084077835083008
-116.16535949707031
-153.84255981445312
-199.12152099609375
-149.15719604492188
-117.74298858642578
-87.19791412353516
-24.232423782348633
-3.27687931060791
-0.274336040019989
0.09274600446224213
-0.00022359081776812673
-1.2789658308029175
-12.346870422363281
-18.81296157836914
14.35175895690918
-24.70441436767578
-115.72657012939453
-165.3138885498047
-204.49407958984375
-130.13446044921875
-53.6832160949707
-41.57432174682617
-6.411855697631836
0.0
0.0
7.6204071044921875
52.12461471557617
17.4558162689209
-68.48401641845703
-117.018798828125
-163.95469665527344
-179.29795837402344
-157.17520141601562
-137.38246154785156
-93.12910461425781
-37.37946319580078
-11.341574668884277
-1.0557172298431396
-5.54142427444458
-16.029266357421875
-31.140525817871094
-23.319360733032227
-3.6733195781707764
-62.15498352050781
-147.49624633789062
-186.88365173339844
-194.13986206054688
-112.30169677734375
-41.77973937988281
-26.831693649291992
-2.6620631217956543
0.0
0.0
3.9039487838745117
32.336151123046875
25.926025390625
-10.898076057434082
-60.55818557739258
-121.84647369384766
-155.53555297851562
-172.9815216064453
-163.88186645507812
-144.92864990234375
-99.73423767089844
-57.750301361083984
-52.42074203491211
-47.555091857910156
-44.85382080078125
-31.570964813232422
-31.06151580810547
-46.275760650634766
-118.9502182006836
-171.93350219726562
-196.2246551513672
-167.10220336914062
-84.27790069580078
-38.59454345703125
-16.723308563232422
-0.143929123878479
0.0
0.0
0.7481291890144348
20.11618995666504
32.71539306640625
11.386011123657227
-23.983741760253906
-67.2637939453125
-116.59358978271484
-147.47164916992188
-151.13809204101562
-168.80831909179688
-185.27769470214844
-146.0143585205078
-110.7955093383789
-78.9549560546875
-50.587921142578125
-49.9189338684082
-93.85352325439453
-122.80250549316406
-149.04258728027344
-176.20416259765625
-196.3179168701172
-135.52947998046875
-54.19286346435547
-31.33034324645996
-5.999378204345703
0.09386968612670898
0.0
0.0
0.0
3.7406458854675293
16.89101219177246
29.51439666748047
9.082642555236816
-9.743199348449707
-55.9290885925293
-116.41900634765625
-138.91705322265625
-170.00592041015625
-205.87942504882812
-172.6358184814453
-123.7626724243164
-123.03617858886719
-128.13134765625
-135.88058471679688
-139.3108367919922
-143.38818359375
-156.28726196289062
-183.40286254882812
-167.6617889404297
-78.48504638671875
-19.32964515686035
-20.13469696044922
-2.5445797443389893
0.0
0.0
0.0
0.0
0.0
3.7406458854675293
21.252079010009766
28.935461044311523
11.775307655334473
-21.588611602783203
-54.39323425292969
-86.7660903930664
-129.12066650390625
-182.5563507080078
-180.6673583984375
-164.06039428710938
-181.8306884765625
-169.55575561523438
-132.1802520751953
-146.04440307617188
-172.29916381835938
-170.441650390625
-134.12149047851562
-81.12158203125
-30.259553909301758
-8.069954872131348
-6.2742533683776855
-0.4623016119003296
0.0
0.0
0.0
0.0
0.0
0.0
1.8703229427337646
16.802635192871094
31.502771377563477
7.3584513664245605
-18.66280174255371
-28.809926986694336
-67.11612701416016
-117.3682632446289
-136.34640502929688
-124.72484588623047
-129.593017578125
-150.67758178710938
-158.33616638183594
-169.7366180419922
-141.3074493408203
-88.84317016601562
-54.02787399291992
-29.566844940185547
-13.076587677001953
-2.4257476329803467
1.4969120025634766
0.14080452919006348
0.0
0.0
0.0
0.0
0.0
0.0
0.0
3.7406458854675293
21.252079010009766
26.88646697998047
1.929636001586914
-15.263688087463379
-25.31036949157715
-43.96194839477539
-85.23558044433594
-97.77392578125
-113.5667495727539
-133.6680145263672
-116.65666198730469
-83.34220123291016
-48.0451774597168
-34.645286560058594
-32.1902961730957
-7.780059814453125
3.8550498485565186
1.4717216491699219
0.09386968612670898
0.0
0.0
0.0
0.0
0.0
0.0
0.0
0.0
0.0
1.8703229427337646
16.131628036499023
28.290639877319336
10.033587455749512
-20.66162109375
-22.75461196899414
-33.546939849853516
-52.495811462402344
-45.163089752197266
-46.29420852661133
-34.519996643066406
-29.470661163330078
-30.25495147705078
-11.984682083129883
0.305774986743927
1.9998780488967896
0.6251717209815979
0.04693484306335449
0.0
0.0
0.0
0.0
0.0
0.0
0.0
0.0
0.0
0.0
0.0
1.3092260360717773
8.191835403442383
24.396263122558594
17.45020294189453
-2.6616504192352295
-16.032655715942383
-10.079660415649414
6.151762008666992
-17.791940689086914
-24.38616180419922
-7.031329154968262
0.176336407661438
3.1158199310302734
1.4606109857559204
0.16427195072174072
0.0
0.0
0.0
0.0
0.0
0.0
0.0
0.0
0.0
0.0
0.0
0.0
0.0
0.0
0.1870322972536087
3.6559674739837646
7.501547336578369
13.620376586914062
-1.3153083324432373
-14.296704292297363
-2.370544910430908
-0.35574808716773987
-1.9560887813568115
1.4054594039916992
1.1865113973617554
0.18773937225341797
0.0
0.0
0.0
0.0
0.0
0.0
0.0
0.0
0.0
0.0
0.0
0.0
0.0
0.0
-0.40093258023262024
0.9195556640625
2.784569501876831
15.269576072692871
27.441587448120117
27.805105209350586
39.09880447387695
44.86225128173828
30.292888641357422
3.697200059890747
-6.965048313140869
-7.489129066467285
-1.94479501247406
0.0
0.0
0.0
0.0
0.0
0.0
0.0
0.0
0.0
0.0
0.0
0.0
0.0
-0.3006994426250458
-2.041686534881592
7.476293563842773
60.161346435546875
120.37262725830078
175.7366180419922
214.17349243164062
241.3032989501953
240.635009765625
241.95884704589844
212.81031799316406
136.44532775878906
44.57611846923828
-20.371355056762695
-26.654809951782227
-10.928776741027832
-1.7016956806182861
0.0
0.0
0.0
0.0
0.0
0.0
0.0
0.0
0.0
0.0
-1.0023314952850342
-1.9403343200683594
41.00211715698242
170.1104278564453
331.15911865234375
479.8470458984375
572.9232177734375
632.7950439453125
695.0045776367188
711.22802734375
700.0682983398438
626.9927978515625
482.2391357421875
322.45159912109375
141.17201232910156
0.013536214828491211
-45.50121307373047
-22.25588035583496
-1.94479501247406
0.0
0.0
0.0
0.0
0.0
0.0
0.0
0.0
-3.207460641860962
6.590119361877441
95.69243621826172
291.51519775390625
552.1383666992188
780.6480712890625
969.1630859375
1110.206298828125
1178.440673828125
1219.3642578125
1223.0609130859375
1208.4810791015625
1149.377197265625
996.6339721679688
759.8999633789062
487.1863708496094
207.55410766601562
-2.1316637992858887
-55.449180603027344
-19.858352661132812
-0.7292981147766113
0.0
0.0
0.0
0.0
0.0
0.0
-1.0023314952850342
7.013318061828613
122.05006408691406
394.3841552734375
720.668212890625
1010.8974609375
1242.527587890625
1395.326171875
1473.77734375
1441.09912109375
1352.906982421875
1298.5809326171875
1309.7724609375
1344.697998046875
1333.2303466796875
1208.4747314453125
906.7720336914062
542.6964111328125
174.5299530029297
-36.0139045715332
-48.08091735839844
-9.001172065734863
-0.2430993765592575
0.0
0.0
0.0
0.0
-0.701632022857666
-1.1868237257003784
105.76970672607422
408.667236328125
808.71533203125
1159.334228515625
1388.728271484375
1534.4344482421875
1532.7332763671875
1417.490966796875
1214.98876953125
1043.59619140625
932.7797241210938
966.7256469726562
1091.814208984375
1235.5509033203125
1347.3548583984375
1212.2332763671875
857.5763549804688
459.7174072265625
102.99151611328125
-54.462562561035156
-41.244964599609375
-5.443470001220703
0.0
0.0
0.0
0.0
0.11508774757385254
46.858707427978516
326.066650390625
779.3206176757812
1196.2469482421875
1460.9586181640625
1587.6024169921875
1547.554931640625
1323.113037109375
1001.188232421875
718.9010620117188
520.1514892578125
393.4896545410156
420.0973815917969
604.47802734375
881.9642944335938
1176.1524658203125
1332.1666259765625
1143.0284423828125
739.4796142578125
327.4914855957031
24.430103302001953
-63.198585510253906
-22.253808975219727
-0.7292981147766113
0.0
0.0
0.0
13.948055267333984
171.4223175048828
581.9782104492188
1108.40771484375
1488.85986328125
1630.0914306640625
1572.3040771484375
1259.603759765625
861.252197265625
517.2744750976562
276.131591796875
125.71439361572266
49.86774826049805
72.88861083984375
212.56503295898438
490.2315673828125
838.2118530273438
1173.4083251953125
1312.958984375
1049.1942138671875
597.81494140625
190.2049560546875
-39.115970611572266
-50.298858642578125
-8.551230430603027
0.0
0.0
-0.3006994426250458
33.864959716796875
313.8389892578125
815.0887451171875
1342.5191650390625
1648.20166015625
1640.467529296875
1373.7286376953125
888.555419921875
430.13397216796875
156.8050079345703
20.08880615234375
-45.14594268798828
-63.63706588745117
-33.51276779174805
39.747318267822266
214.33114624023438
544.0543212890625
911.7590942382812
1232.867431640625
1255.0367431640625
892.2314453125
419.628662109375
59.16537094116211
-66.55966186523438
-30.832111358642578
-0.97239750623703
0.0
1.4239493608474731
78.61022186279297
380.9583740234375
880.3716430664062
1407.2265625
1691.85888671875
1571.522216796875
1128.385009765625
583.24169921875
129.9846649169922
-51.03721237182617
-71.80484771728516
-50.01711654663086
-28.801788330078125
-4.695247173309326
-3.3806564807891846
38.37643051147461
249.75177001953125
631.8450317382812
1052.1466064453125
1326.2496337890625
1162.7015380859375
655.5446166992188
174.98025512695312
-46.7575569152832
-46.574764251708984
-3.0552282333374023
0.0
1.6161086559295654
77.50279235839844
328.1868591308594
797.1177368164062
1318.874755859375
1636.891357421875
1448.10400390625
908.7999267578125
347.7349548339844
-23.068193435668945
-106.36115264892578
-60.87220001220703
-9.045056343078613
-0.7577778100967407
0.0
-0.8157225847244263
-3.4735841751098633
61.0820426940918
361.0145263671875
835.0087280273438
1289.388427734375
1334.3421630859375
907.7960815429688
355.2136535644531
11.00835132598877
-70.52168273925781
-20.05060577392578
-0.486198753118515
0.6217785477638245
33.510658264160156
184.92184448242188
620.2504272460938
1160.0230712890625
1506.994140625
1297.4815673828125
702.4794921875
154.9892578125
-95.0085678100586
-79.74048614501953
-13.99093246459961
-0.37888890504837036
0.0
0.0
0.0
-0.9063584208488464
2.180755376815796
181.5537109375
627.2861938476562
1174.43994140625
1443.0419921875
1138.8790283203125
558.938720703125
96.18624114990234
-74.13471984863281
-38.568809509277344
-1.4060643911361694
-0.2719075381755829
-1.3062350749969482
97.70411682128906
516.0364379882812
1101.8148193359375
1399.676025390625
1110.4344482421875
483.6856994628906
18.982343673706055
-117.47636413574219
-53.893680572509766
-1.9819549322128296
0.0
0.0
0.0
0.0
0.0
-0.967915415763855
84.54761505126953
456.2104797363281
995.3213500976562
1447.986083984375
1353.726806640625
809.4317016601562
258.23931884765625
-48.829139709472656
-66.62641143798828
-8.433772087097168
0.0
0.056463465094566345
108.54080963134766
482.747314453125
1077.1077880859375
1365.3572998046875
1073.61181640625
385.6018371582031
-63.037017822265625
-140.9691619873047
-40.41337585449219
-0.7577778100967407
0.0
0.0
0.0
0.0
0.0
-0.03866016864776611
28.31576919555664
299.2568664550781
836.7673950195312
1377.031494140625
1494.00048828125
1017.5701904296875
416.2940979003906
11.651450157165527
-77.13745880126953
-12.576699256896973
0.0
3.518630266189575
121.19295501708984
477.98095703125
1058.04296875
1378.8387451171875
1117.3131103515625
451.8359680175781
-23.344036102294922
-131.56214904785156
-39.55542755126953
-0.97239750623703
0.0
0.0
0.0
0.0
0.0
-0.18127168715000153
4.30600643157959
189.3818359375
706.9880981445312
1292.5079345703125
1568.23046875
1191.05712890625
541.2039794921875
52.002220153808594
-96.81548309326172
-16.347496032714844
0.0
1.7251722812652588
82.91134643554688
432.6568908691406
995.3341064453125
1411.734130859375
1252.2130126953125
664.4976196289062
167.4132080078125
-66.40731811523438
-55.476131439208984
-9.096455574035645
-0.2430993765592575
0.0
0.0
0.0
0.0
0.0
0.27761024236679077
149.59771728515625
665.9348754882812
1275.8045654296875
1609.2542724609375
1256.0982666015625
577.7460327148438
60.18320083618164
-105.41928100585938
-15.221395492553711
0.0
0.05197566747665405
37.94606399536133
339.3638916015625
880.3242797851562
1385.367431640625
1403.11865234375
923.2733154296875
445.39410400390625
108.48678588867188
-52.08845520019531
-41.36178207397461
-8.5675048828125
-0.2430993765592575
0.0
0.0
0.0
-0.40093258023262024
6.913739204406738
202.7784423828125
732.343994140625
1324.875
1595.2056884765625
1233.490234375
534.1943969726562
36.7259407043457
-120.57408905029297
-20.012941360473633
0.0
-0.18127168715000153
14.255456924438477
230.86509704589844
706.5653076171875
1195.4951171875
1460.77880859375
1211.600830078125
752.7351684570312
351.49346923828125
76.7306137084961
-41.61177062988281
-37.70343780517578
-7.2455973625183105
-1.1067278385162354
-0.7292981147766113
-0.8018651604652405
-2.3765110969543457
75.67500305175781
387.63153076171875
917.5906982421875
1419.008544921875
1539.6412353515625
1086.1077880859375
407.8619079589844
-17.917903900146484
-112.754638671875
-17.88978385925293
0.0
0.0
3.0630993843078613
110.46278381347656
472.17022705078125
921.0382080078125
1293.798583984375
1354.791015625
1095.344482421875
692.0413208007812
358.8098449707031
135.47335815429688
47.717960357666016
14.757074356079102
-19.926464080810547
-22.577680587768555
9.592158317565918
82.17813110351562
310.2683410644531
702.045654296875
1160.1849365234375
1498.081298828125
1432.6724853515625
894.0628662109375
255.8454132080078
-77.67256164550781
-103.2984619140625
-15.294095039367676
0.0
0.0
-1.0743145942687988
26.371349334716797
219.09103393554688
586.5113525390625
966.1814575195312
1212.116455078125
1284.8145751953125
1078.5074462890625
770.5223388671875
525.9561767578125
333.088623046875
175.57745361328125
33.8140754699707
33.83979415893555
183.07281494140625
402.7137145996094
682.5443725585938
1036.9107666015625
1402.6483154296875
1528.5594482421875
1239.9031982421875
648.5972290039062
121.33915710449219
-107.54724884033203
-76.4575424194336
-8.131688117980957
0.0
0.0
-0.36254337430000305
-4.624004364013672
54.88389205932617
262.18377685546875
593.4575805664062
924.8077392578125
1192.501708984375
1294.0001220703125
1180.5665283203125
983.796630859375
768.8154907226562
538.37451171875
373.48590087890625
375.6848449707031
563.5176391601562
833.3386840820312
1106.1885986328125
1359.8656005859375
1515.4249267578125
1372.521728515625
942.71533203125
396.99200439453125
30.192590713500977
-103.38995361328125
-47.843414306640625
-1.5155556201934814
0.0
0.0
0.0
-1.8127168416976929
1.0853455066680908
54.32590103149414
252.59262084960938
585.2221069335938
928.291259765625
1189.4200439453125
1352.3099365234375
1342.249267578125
1198.12841796875
997.5914916992188
867.9268188476562
898.5318603515625
1072.2965087890625
1277.1661376953125
1430.587646484375
1448.8834228515625
1297.096923828125
982.9434814453125
588.1384887695312
178.4615020751953
-47.54445266723633
-87.4283218383789
-18.88226890563965
0.0
0.0
0.0
0.0
0.0
-1.8127168416976929
-3.0718741416931152
56.50986862182617
256.8008117675781
583.30712890625
908.2377319335938
1163.689453125
1361.455810546875
1431.0025634765625
1360.1717529296875
1282.771728515625
1304.8812255859375
1414.6961669921875
1450.467041015625
1361.752685546875
1160.1602783203125
870.4470825195312
526.0172729492188
238.5084991455078
7.895240783691406
-86.67493438720703
-66.66868591308594
-8.219198226928711
0.0
0.0
0.0
0.0
0.0
0.0
-0.9063584208488464
-1.4633448123931885
50.853355407714844
242.7307586669922
529.7142333984375
822.0761108398438
1071.470703125
1282.9298095703125
1370.267822265625
1349.5455322265625
1320.3753662109375
1305.272216796875
1220.19580078125
980.519775390625
665.4998779296875
390.6165771484375
158.3667449951172
6.501718521118164
-70.59999084472656
-68.90135192871094
-29.073366165161133
-2.2733335494995117
0.0
0.0
0.0
0.0
0.0
0.0
0.0
-1.8127168416976929
-3.0718741416931152
48.67768859863281
193.82977294921875
424.36065673828125
645.8755493164062
852.744140625
991.381591796875
1012.3396606445312
961.4190063476562
841.40673828125
681.1891479492188
464.46502685546875
233.8191680908203
71.87799072265625
-25.225175857543945
-67.93498229980469
-61.334774017333984
-25.28900146484375
-1.5155556201934814
0.0
0.0
0.0
0.0
0.0
0.0
0.0
0.0
0.0
-0.9063584208488464
-3.795175552368164
24.454225540161133
129.5567626953125
281.307861328125
416.5354919433594
480.0613098144531
472.5481262207031
421.4954833984375
321.5291748046875
212.89141845703125
110.94377136230469
4.403325080871582
-58.58943557739258
-70.54804992675781
-34.894039154052734
-8.243522644042969
-0.7577778100967407
0.0
0.0
0.0
0.0
0.0
0.0
0.0
0.0
0.0
0.0
0.0
-0.6344509124755859
-1.951316237449646
5.744052410125732
58.49996566772461
132.50106811523438
182.41595458984375
143.8780517578125
85.19869995117188
44.648643493652344
10.146589279174805
-30.99490737915039
-60.63098907470703
-44.9720344543457
-17.106773376464844
-2.6522223949432373
0.0
0.0
0.0
0.0
0.0
0.0
0.0
0.0
0.0
0.0
0.0
0.0
0.0
0.0
-0.09063584357500076
-1.5125298500061035
1.6691083908081055
9.469152450561523
38.56596374511719
39.94036102294922
12.10947036743164
-22.056068420410156
-20.651092529296875
-11.726840019226074
-11.75631046295166
-3.031111240386963
0.0
0.0
0.0
0.0
0.0
0.0
0.0
0.0
0.0
0.0
0.0
0.0
0.0
0.0
1.1195542812347412
5.011970520019531
16.407806396484375
36.44105529785156
52.92122268676758
76.68506622314453
91.9932861328125
89.30149841308594
77.47941589355469
39.667057037353516
16.17758560180664
1.721208095550537
-0.5679382085800171
0.0
0.0
0.0
0.0
0.0
0.0
0.0
0.0
0.0
0.0
0.0
0.0
0.0
0.8396657109260559
11.385941505432129
56.97200012207031
137.47732543945312
249.8717498779297
382.0832214355469
468.8634948730469
563.9360961914062
607.72119140625
608.3468017578125
551.064453125
405.6766357421875
237.03762817382812
95.32604217529297
20.249263763427734
0.22819602489471436
-0.49694591760635376
0.0
0.0
0.0
0.0
0.0
0.0
0.0
0.0
0.0
0.0
2.7988858222961426
30.42314338684082
129.7439727783203
341.3699645996094
618.1516723632812
926.7605590820312
1203.0623779296875
1396.4345703125
1558.62841796875
1638.233642578125
1648.7679443359375
1552.1697998046875
1314.9703369140625
956.2584838867188
560.0682373046875
242.64666748046875
59.04539108276367
0.3003528118133545
-0.5679382085800171
0.0
0.0
0.0
0.0
0.0
0.0
0.0
0.0
8.95643424987793
62.42134094238281
223.66012573242188
531.6421508789062
979.6494750976562
1446.8275146484375
1898.5029296875
2245.3828125
2461.403564453125
2588.638427734375
2653.9306640625
2657.365478515625
2588.570068359375
2388.72265625
1996.43896484375
1429.755615234375
821.4954223632812
346.63543701171875
72.31529235839844
-1.0290902853012085
-0.2129768282175064
0.0
0.0
0.0
0.0
0.0
0.0
2.7988858222961426
63.959739685058594
282.8150634765625
687.3670654296875
1237.06591796875
1834.8006591796875
2356.30615234375
2764.543701171875
2989.78564453125
3024.204345703125
2943.615234375
2860.422607421875
2851.05419921875
2905.752197265625
2933.5849609375
2784.480712890625
2342.494873046875
1631.619384765625
882.8090209960938
318.99407958984375
43.99869918823242
-0.9008747339248657
-0.07099227607250214
0.0
0.0
0.0
0.0
1.9592199325561523
36.7642707824707
245.05860900878906
703.5791015625
1336.7584228515625
2031.338134765625
2616.440185546875
2988.261962890625
3127.53173828125
3011.931884765625
2718.021484375
2378.744140625
2094.52099609375
2019.90234375
2181.51220703125
2516.743408203125
2807.875
2783.456787109375
2339.752685546875
1566.9095458984375
769.98046875
228.65289306640625
16.263944625854492
-1.176587700843811
0.0
0.0
0.0
0.0
13.80862808227539
154.90191650390625
589.0469360351562
1245.201904296875
2016.0791015625
2679.673095703125
3095.3056640625
3137.220703125
2874.276611328125
2402.919677734375
1866.178466796875
1411.3306884765625
1062.1934814453125
939.1796875
1112.7142333984375
1568.40966796875
2180.7275390625
2653.755126953125
2661.14892578125
2166.873291015625
1353.1585693359375
598.1449584960938
132.95521545410156
4.628046989440918
-0.2129768282175064
0.0
0.0
0.0
41.43718719482422
346.65216064453125
974.0896606445312
1763.6307373046875
2572.28173828125
3082.25439453125
3175.71630859375
2818.3212890625
2242.136474609375
1578.6719970703125
1000.1082153320312
574.2320556640625
312.4188537597656
211.9503631591797
330.01123046875
706.90576171875
1324.8563232421875
2075.2646484375
2588.796142578125
2512.923583984375
1915.7623291015625
1083.3114013671875
392.74151611328125
52.16080093383789
-1.2580102682113647
0.0
0.0
0.8396657109260559
90.42462158203125
548.1768188476562
1282.11572265625
2149.330322265625
2919.97900390625
3231.799560546875
2953.45947265625
2317.851806640625
1561.733642578125
859.0507202148438
386.7823181152344
121.45824432373047
23.593246459960938
4.149519920349121
49.53594207763672
243.22499084472656
690.5027465820312
1378.4691162109375
2155.482666015625
2552.280517578125
2326.5478515625
1603.931884765625
779.7623291015625
202.204345703125
8.71573257446289
-0.28396910429000854
0.0
2.079511880874634
127.73249816894531
609.786376953125
1363.315185546875
2268.662109375
3006.361328125
3169.81689453125
2656.2353515625
1880.7996826171875
1034.2474365234375
398.1371154785156
92.76579284667969
-4.685695171356201
-5.302217483520508
-0.6021673679351807
3.0685253143310547
45.33038330078125
286.17950439453125
840.06787109375
1614.6234130859375
2326.63330078125
2511.51708984375
2011.328857421875
1182.2115478515625
443.90045166015625
63.10769271850586
0.7600545883178711
0.0
2.254842519760132
113.26229095458984
475.98443603515625
1166.5020751953125
2079.844970703125
2791.51318359375
2921.2451171875
2349.78759765625
1520.9447021484375
693.9092407226562
173.17755126953125
6.432466983795166
-1.348166823387146
-0.12439211457967758
0.0
0.017813898622989655
3.3593862056732178
78.69193267822266
467.96630859375
1198.248779296875
2023.24267578125
2519.489501953125
2317.4921875
1563.232666015625
737.78564453125
169.8451690673828
1.9603527784347534
-0.14198455214500427
0.9153183698654175
55.21485900878906
286.349853515625
905.8671264648438
1769.148193359375
2466.26904296875
2575.5732421875
2038.162109375
1192.8568115234375
458.08087158203125
95.14862060546875
0.7823570966720581
-0.06219605728983879
0.0
0.0
0.0
0.019793221727013588
15.911846160888672
248.24562072753906
887.8748168945312
1749.9517822265625
2434.6015625
2542.43017578125
1916.364990234375
1055.722412109375
352.9822998046875
32.93425750732422
0.4155234098434448
0.005937966518104076
11.897768020629883
178.63328552246094
785.2188720703125
1597.1373291015625
2211.0703125
2246.099609375
1716.979736328125
876.6177368164062
279.5409851074219
39.94911575317383
0.5128953456878662
0.0
0.0
0.0
0.0
0.0
3.0960559844970703
131.01222229003906
639.5631103515625
1469.0404052734375
2294.164306640625
2657.93017578125
2255.781494140625
1390.6268310546875
599.9496459960938
104.45306396484375
0.749884843826294
0.0
4.8950676918029785
191.9084930419922
788.3385009765625
1604.5511474609375
2184.990234375
2157.68505859375
1535.172119140625
689.25048828125
153.61778259277344
3.928504705429077
-0.12439211457967758
0.0
0.0
0.0
0.0
0.0
0.6201089024543762
56.683048248291016
442.7994689941406
1206.4451904296875
2097.670166015625
2677.30517578125
2505.680419921875
1714.2991943359375
870.2009887695312
222.50953674316406
13.263483047485352
0.0
5.003010272979736
193.61647033691406
768.72705078125
1596.9654541015625
2244.560546875
2307.992431640625
1654.6932373046875
789.6785278320312
206.59161376953125
7.372518539428711
-0.28396910429000854
0.0
0.0
0.0
0.0
0.0
0.003958644345402718
18.494600296020508
318.1275939941406
1033.9498291015625
1929.6932373046875
2645.119140625
2635.125732421875
1920.69970703125
1042.58203125
322.91290283203125
31.0893611907959
0.0
2.727611541748047
136.40829467773438
661.8077392578125
1482.589599609375
2251.95458984375
2510.87744140625
2021.664794921875
1162.1568603515625
448.81915283203125
72.64063262939453
-0.5156322717666626
-0.07099227607250214
0.0
0.0
0.0
0.0
0.0
14.222685813903809
299.21826171875
990.5599365234375
1890.2237548828125
2635.288330078125
2649.571044921875
1986.7066650390625
1091.62158203125
374.6518249511719
45.8995361328125
0.0
0.618129551410675
70.76203155517578
498.08685302734375
1272.180419921875
2139.486572265625
2640.4921875
2437.580322265625
1710.4757080078125
879.7794189453125
269.09130859375
23.476795196533203
-1.6003671884536743
-0.07099227607250214
0.0
0.0
0.0
1.1195542812347412
46.24176025390625
405.95074462890625
1120.48876953125
2001.575927734375
2678.65869140625
2576.117431640625
1907.3155517578125
997.3836669921875
336.080322265625
41.32292175292969
0.0
0.003958644345402718
30.341407775878906
325.70977783203125
959.847412109375
1814.9288330078125
2531.793212890625
2709.921630859375
2256.78955078125
1465.255126953125
699.24169921875
208.02796936035156
25.659446716308594
1.7067570686340332
1.1423989534378052
-0.2129768282175064
2.2391085624694824
29.869827270507812
186.0270233154297
678.9721069335938
1427.7503662109375
2258.670166015625
2709.395263671875
2427.732421875
1694.2244873046875
809.4727172851562
255.3870086669922
25.98338508605957
0.0
0.0
9.488899230957031
166.25502014160156
583.9406127929688
1300.667236328125
2081.701416015625
2629.5126953125
2632.8076171875
2134.685791015625
1413.3177490234375
755.290771484375
325.6795959472656
129.52752685546875
54.662559509277344
17.218101501464844
56.652549743652344
207.1384735107422
567.703857421875
1181.81787109375
1925.56591796875
2588.525390625
2719.51416015625
2225.840576171875
1406.2545166015625
582.8547973632812
148.96878051757812
8.540291786193848
0.0
0.0
1.2619903087615967
51.63646697998047
255.1551971435547
740.2682495117188
1393.9171142578125
2126.761474609375
2615.644775390625
2608.6806640625
2247.4677734375
1669.630126953125
1077.560791015625
634.3414916992188
373.9731750488281
280.2230529785156
398.06927490234375
745.9417724609375
1251.3319091796875
1872.44970703125
2492.951416015625
2853.34814453125
2616.262939453125
1941.528076171875
1090.4058837890625
392.1693115234375
69.1622543334961
0.3416341543197632
0.0
0.0
0.007917288690805435
6.376828670501709
60.7449836730957
296.2331237792969
734.6773681640625
1379.7554931640625
2117.607177734375
2620.3681640625
2755.09326171875
2559.056884765625
2079.568115234375
1560.98828125
1188.36669921875
1047.0687255859375
1193.4091796875
1620.6568603515625
2113.607177734375
2573.4287109375
2871.517822265625
2807.794921875
2260.92431640625
1513.287353515625
756.8681030273438
237.16879272460938
25.075218200683594
-0.24878422915935516
0.0
0.0
0.0
0.039586443454027176
6.584958553314209
64.76699829101562
278.7180480957031
740.9118041992188
1372.2069091796875
2110.816162109375
2701.130859375
2958.642822265625
2862.22509765625
2542.621337890625
2252.513671875
2122.321044921875
2223.490966796875
2529.9970703125
2800.7060546875
2889.8623046875
2733.146240234375
2289.844970703125
1646.6719970703125
978.7786865234375
414.6916198730469
113.96455383300781
9.075952529907227
0.0
0.0
0.0
0.0
0.0
0.039586443454027176
3.5794215202331543
58.04072952270508
288.3721618652344
713.937744140625
1325.2684326171875
2046.1314697265625
2666.605712890625
3003.346435546875
3070.938720703125
2980.42822265625
2930.042236328125
2940.758544921875
2963.1787109375
2860.070556640625
2553.8056640625
2053.76806640625
1471.1767578125
916.4358520507812
453.18023681640625
137.48553466796875
24.182886123657227
1.165509819984436
0.0
0.0
0.0
0.0
0.0
0.0
0.019793221727013588
6.432610034942627
61.782527923583984
266.582763671875
650.8060913085938
1174.3369140625
1813.1998291015625
2402.262451171875
2780.5419921875
2897.158447265625
2901.05078125
2795.325439453125
2570.05419921875
2196.36328125
1702.4674072265625
1171.30322265625
695.0199584960938
332.2366638183594
109.61221313476562
10.95356273651123
-3.943542957305908
-0.37317633628845215
0.0
0.0
0.0
0.0
0.0
0.0
0.0
0.039586443454027176
3.5794215202331543
47.049320220947266
203.4176788330078
500.9901123046875
894.6773071289062
1384.4923095703125
1802.053466796875
2004.5927734375
2016.47314453125
1849.2340087890625
1561.6746826171875
1210.20947265625
815.6956787109375
454.854736328125
195.0335693359375
40.05821990966797
-8.085329055786133
-3.878058671951294
-0.24878422915935516
0.0
0.0
0.0
0.0
0.0
0.0
0.0
0.0
0.0
0.019793221727013588
2.45831298828125
23.915977478027344
125.76648712158203
305.5304870605469
540.8666381835938
761.689453125
909.7150268554688
930.0338745117188
810.3883666992188
613.1971435546875
415.8486328125
233.90049743652344
74.19171142578125
4.073530197143555
-5.383805274963379
-1.6357126235961914
-0.12439211457967758
0.0
0.0
0.0
0.0
0.0
0.0
0.0
0.0
0.0
0.0
0.0
0.013855255208909512
0.49785053730010986
9.726357460021973
43.364376068115234
123.0446548461914
184.8663330078125
212.46536254882812
205.23403930664062
166.49813842773438
101.37155151367188
37.684207916259766
1.9487800598144531
-8.714311599731445
-3.7969164848327637
-0.43537241220474243
0.0
0.0
0.0
0.0
0.0
0.0
0.0
0.0
0.0
0.0
0.0
0.0
0.0
0.0
0.001979322172701359
0.05383162200450897
0.6751940250396729
7.542048931121826
16.00019073486328
29.059326171875
9.525683403015137
-3.642240047454834
-0.054147303104400635
-4.373441219329834
-3.059871196746826
-0.4975684583187103
0.0
0.0
0.0
0.0
0.0
0.0
0.0
