-492.9776611328125
-1521.655029296875
842.1629028320312
2060.29833984375
131.01541137695312
-2110.4248046875
904.64453125
-2142.37109375
-2797.8564453125
-477.3824462890625
-1666.96240234375
-168.01519775390625
2300.402587890625
1456.6605224609375
-1806.0047607421875
-1453.7412109375
216.10638427734375
-636.4349975585938
1378.33935546875
-3356.596435546875
-1800.30322265625
200.43975830078125
-1135.1826171875
-2309.50830078125
2160.641845703125
-655.7174072265625
823.0007934570312
-1846.06982421875
-1086.6103515625
-3381.885009765625
2110.160888671875
1496.526611328125
-272.6108703613281
127.14892578125
-2134.59619140625
-173.75634765625
1557.799072265625
1441.7733154296875
590.6507568359375
-1273.3619384765625
820.6874389648438
2202.53955078125
-1873.275634765625
-746.5927734375
-538.067138671875
-3001.3935546875
-2700.147705078125
-862.935546875
-687.5022583007812
2091.95654296875
-845.7938842773438
-1085.1153564453125
1816.054443359375
-744.8148193359375
-1775.170166015625
1026.0855712890625
2099.60400390625
-636.1129760742188
1397.4759521484375
-13.7147216796875
800.580322265625
-1233.759765625
-1045.7100830078125
-14.141845703125
3007.777099609375
-1273.734375
-1335.29296875
1607.645263671875
-1005.4912719726562
952.3609619140625
-659.721435546875
-642.2232666015625
-1716.99658203125
-2087.173828125
607.549072265625
-2013.179931640625
-1762.119873046875
182.72247314453125
-2410.309326171875
-152.45111083984375
-358.28985595703125
-2594.605224609375
-1070.525390625
1874.8221435546875
