4364.6689453125
-592.01025390625
489.88262939453125
-1032.1650390625
163.8580322265625
1061.6033935546875
164.12322998046875
6.2245941162109375
-575.1688842773438
1890.7314453125
948.7509765625
-927.6839599609375
2011.046875
2400.54052734375
-745.994384765625
53.1031494140625
1298.990478515625
-1981.318603515625
-889.1981201171875
262.359130859375
-3723.3583984375
-1081.5439453125
-3184.938232421875
508.8255615234375
4049.587158203125
1036.8375244140625
2952.37158203125
-1321.16943359375
1682.82568359375
-163.6282958984375
-2.03875732421875
-423.74859619140625
-1334.3272705078125
-3972.678466796875
-1043.452880859375
-2706.283203125
