4130.291015625
-824.414794921875
2262.669921875
1005.4185180664062
-610.1639404296875
1276.22412109375
-4090.934326171875
-1156.3956298828125
-1186.879150390625
-162.8240966796875
1634.82421875
2161.08935546875
666.13720703125
2262.141845703125
-3875.436767578125
3065.63525390625
3681.970703125
-69.94830322265625
-1837.3016357421875
-2280.50634765625
1737.2742919921875
-312.42681884765625
-2153.89599609375
3936.51123046875
-549.5452880859375
-2253.72021484375
1843.569580078125
2077.75390625
1005.9510498046875
-1163.279296875
-155.391357421875
3139.58837890625
1409.017578125
-1231.6046142578125
923.2360229492188
-2040.9373779296875
297.5791015625
-2969.5009765625
885.7196044921875
7691.06201171875
1056.78271484375
-2918.690185546875
-4012.55615234375
-1888.9188232421875
638.3699951171875
-4409.0224609375
-2416.97998046875
70.9290771484375
-4210.70947265625
205.10336303710938
-3031.444091796875
414.8934326171875
-2004.271728515625
-4144.09716796875
-1412.6796875
2584.0078125
-1678.6729736328125
-3326.5
1515.6893310546875
-249.13946533203125
210.63034057617188
153.5439453125
-245.4080810546875
-4850.5693359375
56.237548828125
-7244.2431640625
814.3959350585938
-2670.25146484375
444.9410705566406
-1479.8123779296875
3184.912109375
354.1279296875
1262.3994140625
-1268.97509765625
158.89743041992188
-1439.4666748046875
-1250.4163818359375
4083.228515625
1582.017333984375
2455.353759765625
-397.5614013671875
3130.32421875
-5563.046875
-3880.35693359375
2646.268798828125
2320.678955078125
-1256.2177734375
-1587.15673828125
-2862.56201171875
5146.50146484375
2224.73876953125
-687.6453857421875
3752.912109375
696.1760864257812
-1417.6947021484375
-763.49267578125
1064.31396484375
-635.57763671875
-2825.359375
-97.31024169921875
-3656.7392578125
-239.0030517578125
2630.76123046875
1933.635986328125
1504.728515625
-311.66912841796875
-1350.313232421875
-228.40237426757812
956.1793823242188
1604.567138671875
-4042.35693359375
-2768.416015625
-2854.246826171875
1559.286376953125
-1406.6278076171875
3419.204833984375
-103.2191162109375
-7926.5341796875
-5413.435546875
1093.51904296875
