0.0
0.0
0.0
0.0
0.0
0.3745696246623993
0.0
0.032926470041275024
0.0
0.0
0.0
0.0
0.0
0.0
0.0
0.0
0.0
0.0
0.0
0.0
0.0
0.0
0.0
0.0
0.0
0.0
0.0
0.0
0.0
0.0
0.0
0.0
21.986562728881836
91.84730529785156
157.22727966308594
208.00485229492188
151.0819854736328
44.28551483154297
0.0
0.0
0.0
0.0
0.0
0.0
29.434423446655273
91.51893615722656
222.11257934570312
287.8659973144531
324.8006591796875
298.6178283691406
310.2857360839844
248.40289306640625
61.10675048828125
0.0
0.0
0.0
0.0
25.048002243041992
153.1429901123047
251.70460510253906
216.01077270507812
174.61376953125
62.58881378173828
40.961788177490234
126.42057800292969
240.2764129638672
214.56399536132812
18.31969451904297
0.0
0.0
1.6425756216049194
84.07267761230469
274.90252685546875
282.62384033203125
95.89329528808594
34.874794006347656
0.6223427057266235
0.4963541030883789
25.411190032958984
118.74357604980469
237.22206115722656
100.26773071289062
0.0
0.0
6.252801895141602
40.89379119873047
221.06039428710938
188.4600830078125
57.85401153564453
7.532516002655029
0.0
0.0
1.9923920631408691
46.338035583496094
201.25160217285156
195.38087463378906
1.8388234376907349
0.0
0.03313808515667915
19.755775451660156
181.28311157226562
139.7252197265625
1.2545150518417358
0.0
0.0
0.0
0.11030091345310211
15.252291679382324
155.7719268798828
233.58865356445312
32.944915771484375
0.0
0.276694118976593
32.612823486328125
170.21185302734375
180.38327026367188
17.213903427124023
0.0
0.0
0.0
0.0
0.0
120.95252990722656
202.76010131835938
70.85191345214844
18.263351440429688
0.0
21.433929443359375
152.66143798828125
258.76776123046875
129.62347412109375
0.0
0.0
0.0
0.0
0.8327847123146057
72.09612274169922
169.53414916992188
84.48013305664062
24.07908058166504
0.0
6.98513126373291
68.19635772705078
203.9446258544922
263.32208251953125
117.11809539794922
10.487929344177246
0.0
0.0
17.00432014465332
152.40664672851562
199.0394287109375
100.49725341796875
6.665494918823242
0.0
0.0
8.852255821228027
67.49154663085938
208.1967010498047
302.81005859375
224.81271362304688
98.67290496826172
119.14164733886719
241.76309204101562
305.03643798828125
197.4246826171875
45.14194869995117
0.812459409236908
0.0
0.0
0.0
8.852255821228027
66.43814086914062
196.7388153076172
330.2796325683594
376.40399169921875
372.2029724121094
298.69915771484375
143.580322265625
29.384031295776367
1.6091805696487427
0.0
0.0
0.0
0.0
0.0
3.246018886566162
35.56973648071289
101.76138305664062
138.1610565185547
102.44984436035156
38.831459045410156
5.751420974731445
0.13428768515586853
0.0
0.0
0.0
0.0
0.11899671703577042
8.75954532623291
57.807884216308594
158.8952178955078
246.4185791015625
271.010009765625
196.7459259033203
64.20084381103516
4.9893269538879395
0.0
0.0
0.0
0.0
1.2692983150482178
32.388702392578125
201.62939453125
569.12744140625
901.710205078125
1044.1109619140625
1077.538818359375
972.4517822265625
604.7755126953125
176.62625122070312
8.024361610412598
0.0
0.0
0.27765899896621704
24.888717651367188
249.57498168945312
776.3131713867188
1193.6595458984375
1256.265380859375
1024.276611328125
881.0184936523438
1090.298095703125
1194.9149169921875
686.3106079101562
122.25028991699219
1.852542519569397
0.0
2.790600061416626
117.76800537109375
639.96728515625
1207.249267578125
1189.6480712890625
700.6032104492188
252.1154022216797
88.92811584472656
268.5619201660156
892.1129760742188
1098.30810546875
493.90692138671875
40.395301818847656
0.0
3.394261598587036
181.14166259765625
819.2537841796875
1287.607177734375
852.0811767578125
217.21717834472656
7.573572158813477
0.0
0.0
275.1714782714844
995.3623046875
912.8577270507812
213.03515625
1.5159627199172974
0.0019063933286815882
57.7309455871582
627.8055419921875
1106.6619873046875
596.1796875
47.67814636230469
0.0
0.0
0.0
46.804161071777344
659.1305541992188
1119.47998046875
508.0365905761719
27.573198318481445
0.0
25.102680206298828
526.2008056640625
945.18994140625
380.59112548828125
9.660486221313477
0.0
0.0
0.0
0.0
395.89093017578125
1140.2962646484375
807.51123046875
116.28662872314453
0.0
22.966318130493164
513.478515625
1074.549072265625
546.3619995117188
48.97243118286133
0.07654815167188644
0.0
0.0
0.0
282.34417724609375
1066.54833984375
939.5263671875
188.3279571533203
0.0
0.0
303.0595397949219
1068.0526123046875
1000.6541748046875
328.16510009765625
28.412527084350586
1.0119316577911377
4.091189861297607
58.03563690185547
460.713134765625
1099.236083984375
816.5556030273438
135.09678649902344
0.0
0.0
44.7974967956543
557.8959350585938
1126.69287109375
955.01416015625
465.2236328125
191.94439697265625
169.60916137695312
461.0257873535156
925.1141357421875
1125.966064453125
555.2926635742188
42.33953094482422
0.0
0.0
0.0
51.257564544677734
570.8260498046875
1156.57177734375
1205.807861328125
927.0506591796875
877.0296020507812
1081.7987060546875
1110.4267578125
765.788330078125
234.60443115234375
5.15706729888916
0.0
0.0
0.0
0.0
44.53742218017578
461.4907531738281
1021.6414184570312
1210.5037841796875
1127.307861328125
920.3323974609375
532.7636108398438
203.18276977539062
21.623537063598633
0.014261916279792786
0.0
0.0
0.0
0.0
0.0
14.567886352539062
189.62033081054688
391.2792663574219
365.9856262207031
216.51422119140625
63.80950927734375
0.7574180364608765
0.0
0.0
0.0
0.0
0.0
0.0
0.0
0.0
0.0
0.0
0.0
0.0
0.0
0.0
0.0
0.0
0.0
0.0
0.0
0.0
0.0
7.619777679443359
33.10857009887695
58.6783561706543
45.015724182128906
3.138784885406494
0.0
0.0
0.0
0.0
0.0
0.0
0.0
52.47922134399414
347.015625
675.5552368164062
867.3995361328125
890.0509033203125
696.6220092773438
329.336669921875
33.08079528808594
0.0
0.0
0.0
0.0
0.0
140.3284149169922
800.4553833007812
1528.537109375
1977.289794921875
1963.90234375
1879.109619140625
1790.5447998046875
1335.8345947265625
482.05535888671875
21.766145706176758
0.0
0.0
0.0
68.81108093261719
854.96240234375
1826.951171875
2206.01220703125
1729.28759765625
1148.77734375
942.3472900390625
1348.5968017578125
1785.854736328125
1301.29638671875
299.4270935058594
0.0
0.0
4.791481971740723
360.1400146484375
1516.328369140625
2284.314453125
1635.8446044921875
681.2879638671875
162.41908264160156
54.96735382080078
360.3204345703125
1174.61328125
1721.26708984375
932.7177734375
83.37694549560547
0.0
26.540752410888672
403.5364990234375
1574.982177734375
2094.4921875
994.2313232421875
134.85426330566406
1.185829520225525
0.0
28.351377487182617
458.74737548828125
1519.068359375
1507.7362060546875
369.4732360839844
0.0
1.9681494235992432
171.49501037597656
1261.9720458984375
1658.75830078125
569.0311279296875
22.670124053955078
0.0
0.0
0.42039716243743896
174.37069702148438
1126.1820068359375
1829.846435546875
804.8905029296875
38.83686828613281
1.0935823917388916
175.0547637939453
1129.987060546875
1570.0042724609375
469.48553466796875
1.9786913394927979
0.0
0.0
0.0
43.1280517578125
810.0805053710938
1929.76171875
1198.357177734375
143.6871337890625
0.1740705370903015
125.11640930175781
992.82421875
1763.976806640625
993.39453125
140.8087921142578
0.0
0.0
0.0
29.905899047851562
851.2576904296875
1946.572509765625
1218.1829833984375
174.6678466796875
0.0
47.879310607910156
590.08056640625
1565.4356689453125
1630.397705078125
742.1145629882812
196.3300018310547
15.342190742492676
22.3024845123291
370.89788818359375
1374.221923828125
1915.25390625
898.612548828125
87.90380859375
0.0
1.1547939777374268
138.2172393798828
768.593017578125
1587.20361328125
1697.974853515625
1131.816162109375
608.7787475585938
728.2947998046875
1397.491943359375
1976.1083984375
1555.7852783203125
501.41094970703125
17.512128829956055
0.0
0.0
1.2440370321273804
137.5169219970703
765.8347778320312
1627.1749267578125
2014.7265625
1893.15869140625
1924.072509765625
1971.447265625
1487.523681640625
722.0648193359375
129.59518432617188
1.5169721841812134
0.0
0.0
0.0
1.2440370321273804
112.59850311279297
602.655029296875
1283.146728515625
1606.150634765625
1447.3128662109375
993.423095703125
429.2753601074219
80.9452896118164
2.9330596923828125
0.0
0.0
0.0
0.0
0.0
0.09813244640827179
33.030784606933594
199.1125946044922
332.5361633300781
258.1797790527344
109.71881866455078
14.317451477050781
0.20683178305625916
0.0
0.0
0.0
0.0
0.0
0.0
0.0
0.0
0.0
0.0
0.03053031861782074
0.061482857912778854
0.05346211418509483
0.0
0.0
0.0
0.0
0.0
0.0
0.0
0.0
0.0
0.0
0.0
0.0
0.0
0.0
0.0
0.0
0.0
0.0
0.0
0.0
0.0
0.0
0.0
0.0
0.0
0.0
0.0
0.0
0.0
0.0
0.0
0.0
0.0
0.0
0.0
0.0
0.0
0.0
0.07696720957756042
0.0
0.0
0.0
0.0
0.0
0.0
3.9930272102355957
12.448253631591797
0.0
0.0
0.0
0.0
1.1295442581176758
15.331734657287598
16.09760284423828
0.0
0.0
0.0
0.0
0.0
9.406807899475098
16.978525161743164
0.0
0.0
0.0
0.0024042148143053055
0.1458306461572647
0.4208226799964905
19.368444442749023
16.954551696777344
0.0
0.0
0.0
0.0
6.078382968902588
19.90424919128418
0.0
0.0
0.0
0.011733710765838623
0.0
0.0
1.892903208732605
35.49079513549805
0.0
0.0
0.0
0.0
0.38191288709640503
28.27474594116211
0.0
0.0
0.0
0.0
0.0
0.0
0.09351614862680435
25.706073760986328
0.0
0.0
0.0
0.0
0.27758222818374634
40.166324615478516
0.0
0.0
0.0
0.0
0.0
0.02318650111556053
0.0
8.876633644104004
0.0
0.0
0.0
0.0
0.0
23.996280670166016
10.845460891723633
0.0
0.0
0.0
0.0
0.0
0.0
0.0
0.0
0.0
0.0
0.0
0.0
6.151241302490234
22.6267032623291
2.270660638809204
0.0
0.0
0.0
0.0
0.0
0.0
0.0
0.0
0.0
0.023467421531677246
0.0
0.0
6.715762138366699
22.254043579101562
1.8396128416061401
0.0
0.0
0.0
0.0
0.0
0.0
0.0
0.37422800064086914
0.03520113229751587
0.0
0.0
0.0
6.715762138366699
18.309593200683594
2.508396863937378
0.0
0.0
0.0
0.0
0.07644374668598175
1.6200249195098877
0.40313154458999634
0.0
0.0
0.0
0.0
0.0
2.4220235347747803
13.250995635986328
3.4050941467285156
1.537940502166748
0.0
0.6920768022537231
1.1910425424575806
0.04106798768043518
0.0
0.0
0.0
0.0
0.0
1.8690733909606934
46.05952453613281
108.15531921386719
137.21055603027344
132.4810791015625
46.179664611816406
0.0
0.0
0.0
0.0
0.0
0.0
0.0
25.57063865661621
263.6915283203125
640.204345703125
873.59130859375
962.1644287109375
921.2297973632812
640.30615234375
208.98150634765625
0.0
0.0
0.0
0.0
0.0
28.195756912231445
433.4541931152344
1069.906982421875
1426.25537109375
1386.8389892578125
1156.9659423828125
1178.2525634765625
1281.1527099609375
879.8195190429688
184.30972290039062
0.0
0.0
0.0
3.5157856941223145
281.58148193359375
1143.208740234375
1562.7391357421875
1247.880859375
628.3738403320312
272.3058166503906
327.5072937011719
846.6400146484375
1240.390625
678.4950561523438
53.65876388549805
0.0
0.0
28.474782943725586
597.564453125
1522.4515380859375
1428.52587890625
507.97894287109375
44.223453521728516
0.0
9.936829566955566
261.62841796875
957.154541015625
1159.0548095703125
327.3297119140625
0.0
0.0
28.312835693359375
482.61920166015625
1405.69580078125
1089.2161865234375
125.6810531616211
0.0
0.0
0.0
15.815699577331543
501.21575927734375
1310.3031005859375
740.2068481445312
26.798648834228516
0.0
0.014115866273641586
301.2571716308594
1235.989013671875
763.3334350585938
4.745585918426514
0.0
0.0
0.0
0.0
217.08270263671875
1164.276611328125
1168.6822509765625
171.5462188720703
0.0
1.3109506368637085
278.6855163574219
1210.987548828125
871.4649047851562
41.853302001953125
0.0
0.0
0.0
0.0
85.89079284667969
985.308837890625
1406.1600341796875
307.7838439941406
0.0
0.012993916869163513
155.60763549804688
1041.93798828125
1249.69287109375
414.52734375
19.182653427124023
0.0
0.0
0.0
168.2496795654297
1098.45458984375
1363.6112060546875
244.695556640625
0.0
0.0
34.974308013916016
549.7027587890625
1206.721923828125
1037.6768798828125
447.6904296875
142.7852783203125
16.913467407226562
169.3892059326172
682.9422607421875
1397.3685302734375
1053.8089599609375
94.296142578125
0.0
0.0
0.0
93.1197280883789
589.02001953125
1151.0533447265625
1214.730712890625
875.7274780273438
628.9073486328125
936.5797119140625
1336.38134765625
1291.996826171875
526.5767822265625
7.548147678375244
0.0
0.0
0.0
0.0
91.04100799560547
565.9974365234375
1104.673095703125
1361.093017578125
1314.3934326171875
1347.6578369140625
1041.983154296875
486.3619079589844
63.22636795043945
0.0
0.0
0.0
0.0
0.0
0.0
66.74042510986328
370.27520751953125
685.1806030273438
716.9505615234375
514.254150390625
203.40782165527344
17.969497680664062
0.0
0.0
0.0
0.0
0.0
0.0
0.0
0.0
16.478281021118164
90.738037109375
70.28164672851562
13.698808670043945
0.0
0.0
0.0
0.0
0.0
0.0
0.0
0.20991642773151398
17.369373321533203
102.19221496582031
235.07723999023438
335.08392333984375
331.54803466796875
174.6397247314453
29.324127197265625
0.05704900622367859
0.0
0.0
0.0
0.0
2.2391085624694824
79.82587432861328
495.60137939453125
1222.5606689453125
1826.57080078125
2109.85791015625
2111.71826171875
1664.0975341796875
763.491455078125
119.57411193847656
0.0
0.0
0.0
0.4898049831390381
87.14537811279297
752.6298828125
1929.911376953125
2809.16064453125
2935.98583984375
2569.32568359375
2489.55517578125
2760.6708984375
2274.3310546875
884.6732788085938
72.2288818359375
0.0
0.0
13.811453819274902
516.1726684570312
1899.29833984375
3008.2373046875
2767.98876953125
1711.9696044921875
840.0438232421875
648.4639282226562
1445.224853515625
2494.7412109375
1987.1793212890625
551.7882690429688
14.197212219238281
0.0
55.269073486328125
950.8485107421875
2586.083251953125
3002.827880859375
1698.658203125
434.1839599609375
36.26287078857422
14.188497543334961
316.30938720703125
1497.1607666015625
2429.24462890625
1394.3087158203125
179.4820556640625
0.19001364707946777
42.911827087402344
708.6759033203125
2276.69384765625
2471.19189453125
966.4479370117188
68.88524627685547
0.0
0.004453474655747414
24.495738983154297
700.5838623046875
2181.8212890625
2084.880126953125
579.0838623046875
8.827533721923828
4.199693202972412
486.0247802734375
1899.437255859375
1913.984130859375
499.7567443847656
11.097628593444824
0.0
0.0
0.9290412068367004
317.51446533203125
1766.830078125
2524.17431640625
1143.7691650390625
85.2439956665039
1.9326554536819458
440.139892578125
1894.0174560546875
2123.806884765625
651.8115234375
20.00328826904297
0.0
0.0
0.0009896610863506794
162.51577758789062
1461.106689453125
2641.276123046875
1510.4024658203125
193.63839721679688
0.15552204847335815
231.2250213623047
1546.61083984375
2579.94677734375
1578.074951171875
299.9594421386719
6.841550827026367
0.2855997383594513
8.307122230529785
329.29791259765625
1702.121337890625
2597.97607421875
1352.09912109375
164.69342041015625
0.0
57.16059875488281
720.0078735351562
2057.97314453125
2497.95458984375
1521.426513671875
541.77734375
181.51922607421875
351.95050048828125
1218.3258056640625
2465.09765625
2375.786376953125
867.921142578125
56.753238677978516
0.0
1.6060831546783447
107.08251953125
783.5156860351562
2055.249755859375
2743.48095703125
2261.3505859375
1652.567626953125
1891.888427734375
2594.401123046875
2675.575927734375
1599.9156494140625
380.67327880859375
8.537792205810547
0.0
0.0
0.909700334072113
103.65701293945312
739.1488037109375
1925.0684814453125
2814.2724609375
2927.169921875
2817.3291015625
2328.1767578125
1347.8170166015625
452.8662414550781
43.15549850463867
0.291377454996109
0.0
0.0
0.0
0.909700334072113
69.21031951904297
456.7411193847656
1122.2755126953125
1465.20361328125
1208.62353515625
668.91357421875
182.03839111328125
10.014554977416992
0.0
0.0
0.0
0.0
0.0
0.0
0.12842129170894623
13.454939842224121
82.8633041381836
114.07110595703125
66.96742248535156
9.908246994018555
0.0
0.0
0.0
0.0
