1609.9864501953125
-240.1077880859375
-1963.63330078125
-1686.42431640625
-93.54365539550781
1075.22705078125
1108.2901611328125
466.5268859863281
-135.2515869140625
-412.5526123046875
409.219970703125
-2099.2841796875
-2563.59521484375
-801.8295288085938
696.0818481445312
995.9067993164062
815.7687377929688
510.64642333984375
14.581634521484375
-303.4797668457031
-808.7911376953125
-2401.155029296875
-1252.174560546875
591.530517578125
874.637939453125
298.28704833984375
102.50196075439453
187.1833953857422
-163.8782196044922
-620.4710083007812
-1261.951416015625
-1762.7083740234375
-268.8110046386719
670.2752685546875
326.66680908203125
166.16665649414062
353.096435546875
341.3372497558594
-14.095666885375977
-761.9989013671875
-1088.3582763671875
-1167.7664794921875
-182.99549865722656
-52.64980697631836
-282.58270263671875
135.6518096923828
688.606689453125
619.2347412109375
1.7036504745483398
-883.6498413085938
-553.6067504882812
-548.5439453125
-245.8130340576172
-470.998046875
-635.1146850585938
-212.77577209472656
838.0728149414062
1050.6781005859375
-453.73382568359375
-1650.377685546875
-135.1525421142578
140.7938690185547
67.23489379882812
-275.5003967285156
-556.4863891601562
-349.23980712890625
949.9113159179688
853.6219482421875
-1815.402587890625
-2652.19287109375
-118.9727554321289
535.5621948242188
752.2840576171875
404.30450439453125
283.0745544433594
473.8409729003906
842.8809204101562
-627.5657348632812
-3145.11376953125
-2208.560302734375
-174.4753875732422
301.1180419921875
871.9651489257812
880.1785278320312
1094.0560302734375
1120.6551513671875
173.6792755126953
-1734.11083984375
-2314.913330078125
-85.02604675292969
10.344714164733887
-91.33876037597656
137.815185546875
264.0501403808594
383.1200866699219
238.91180419921875
-425.4646301269531
-883.294189453125
-33.88282775878906
1250.7813720703125
-2428.99365234375
-2458.978759765625
-913.9741821289062
428.2413024902344
424.27935791015625
-1255.368896484375
-3175.379150390625
-2086.729736328125
2104.197021484375
4512.68896484375
-3828.49853515625
-3311.39404296875
-26.23556137084961
1881.0902099609375
1635.285400390625
-169.95895385742188
-3466.052490234375
-5194.9677734375
-1672.0706787109375
3766.087646484375
-5282.66845703125
-4239.798828125
967.0559692382812
3321.560302734375
2700.13623046875
1535.8099365234375
-1462.8392333984375
-5722.54833984375
-5499.04931640625
992.55224609375
-6362.064453125
-4715.55517578125
2186.700927734375
4199.78759765625
2465.8720703125
1886.2200927734375
787.6669921875
-3877.398193359375
-7551.4931640625
-2692.104248046875
-6983.68505859375
-5003.33056640625
3175.002685546875
5100.32373046875
2041.895263671875
1139.5675048828125
1675.058349609375
-1485.3408203125
-7339.9345703125
-5415.70751953125
-6840.28857421875
-6128.20166015625
2193.276611328125
5661.00439453125
2877.042724609375
1071.3897705078125
1588.8985595703125
-177.01502990722656
-5924.62255859375
-5950.2509765625
-5426.216796875
-7398.02001953125
-1340.4775390625
3963.032958984375
3833.1337890625
2208.7578125
1857.101318359375
480.65777587890625
-4124.244140625
-4576.068359375
-2746.49951171875
-6650.44873046875
-4907.623046875
-355.95599365234375
2202.332275390625
2659.924072265625
2423.489501953125
849.7943725585938
-2681.229248046875
-2708.759521484375
-70.35546112060547
-3648.908447265625
-5407.4013671875
-3946.446044921875
-1147.5584716796875
1079.0465087890625
1691.6234130859375
215.31752014160156
-1960.7943115234375
-1126.46826171875
1232.8717041015625
-385.2861328125
-2976.82568359375
-4266.431640625
-3093.47265625
-868.975341796875
93.67455291748047
-680.9453125
-1249.1756591796875
9.871170043945312
4687.87744140625
6307.51123046875
3455.101806640625
-1234.0777587890625
-3765.206787109375
-3751.95361328125
-2852.73291015625
-1841.215087890625
-1105.158447265625
-693.1538696289062
5372.072265625
2897.09912109375
-2879.564697265625
-6129.29296875
-4824.19775390625
-2359.524169921875
-1315.1513671875
-1116.875244140625
-872.9024658203125
-765.968017578125
2978.869140625
-1538.0704345703125
-5704.4462890625
-4964.931640625
-1273.595458984375
800.875244140625
726.2339477539062
232.74771118164062
90.26809692382812
-259.621826171875
642.7741088867188
-3024.933837890625
-4309.892578125
-1958.3599853515625
589.0508422851562
1240.043701171875
883.5191040039062
506.04949951171875
513.3470458984375
228.2901611328125
-24.11186408996582
-2116.43505859375
-1836.931396484375
-193.58375549316406
523.4970703125
568.301025390625
711.436767578125
840.3298950195312
997.9180908203125
544.5975952148438
-8.111220359802246
-1423.69091796875
-748.3745727539062
156.42782592773438
215.86663818359375
77.21461486816406
567.48046875
1917.2760009765625
2453.8076171875
671.6363525390625
95.83680725097656
-1364.7469482421875
-1025.2864990234375
-387.87738037109375
-220.1201934814453
126.3609390258789
1877.3648681640625
4660.29736328125
4033.440673828125
-543.3648071289062
200.18801879882812
-897.1678466796875
-704.3474731445312
-218.3865203857422
131.75827026367188
1622.0765380859375
4770.96484375
6315.58837890625
1964.9464111328125
-4176.208984375
344.947265625
-114.60626983642578
191.0153045654297
593.5635986328125
999.4047241210938
2261.67529296875
3418.3779296875
1130.6849365234375
-4445.025390625
-6928.3330078125
491.2502136230469
302.4778137207031
352.02105712890625
393.6978759765625
101.14788055419922
-631.1314697265625
-2456.906982421875
-5439.5185546875
-6948.01904296875
-4565.251953125
3132.922607421875
1360.6572265625
-1312.60107421875
-1684.6181640625
-399.08306884765625
280.4853820800781
-34.04148483276367
-288.68524169921875
-238.34901428222656
121.29515838623047
3142.731689453125
-1837.766845703125
-4219.7041015625
-2012.003173828125
591.1522827148438
1227.2535400390625
142.46775817871094
-493.2841796875
-320.9870300292969
160.04754638671875
808.9236450195312
-5655.16357421875
-4952.96826171875
-178.3760986328125
1844.24072265625
1524.5821533203125
-44.59429931640625
-1232.59619140625
-1352.0732421875
-661.9240112304688
-1835.235107421875
-7326.83837890625
-3157.39599609375
2147.041015625
2245.0810546875
1531.5369873046875
647.6384887695312
-802.1856689453125
-2201.11669921875
-2330.65185546875
-3046.57421875
-6725.90478515625
-1338.3818359375
2717.634033203125
1405.761962890625
822.88330078125
1237.558837890625
915.892578125
-1640.9476318359375
-4160.42822265625
-2848.262939453125
-5539.50732421875
-861.24169921875
1986.89599609375
584.467041015625
-54.79146957397461
1182.0899658203125
2727.234619140625
-633.7545776367188
-5924.16162109375
-1913.939208984375
-4468.861328125
-1166.9075927734375
1136.7623291015625
-23.13930892944336
-512.23779296875
1707.031005859375
3879.692138671875
-1114.12109375
-7480.42236328125
-732.48828125
-3161.972412109375
-1443.857666015625
605.8814086914062
317.3514099121094
678.619873046875
2932.6044921875
2957.329345703125
-3415.622314453125
-7454.64599609375
281.6761474609375
-1540.189453125
-1132.1378173828125
462.443359375
1408.57470703125
2400.68017578125
2863.424072265625
31.036470413208008
-4952.17138671875
-4769.52392578125
849.8414306640625
-96.41973114013672
-736.5966796875
-252.0872344970703
978.5179443359375
1962.6162109375
981.0369873046875
-2045.78271484375
-3585.1513671875
-1102.5733642578125
-1124.03857421875
-2036.201416015625
-2959.4111328125
-2834.001220703125
-1663.6595458984375
-95.45738220214844
1527.328857421875
2327.388916015625
1348.73974609375
-476.0171203613281
-3022.816162109375
-3354.947021484375
-2932.594970703125
-1466.4356689453125
-97.70297241210938
485.5570373535156
1526.2579345703125
3169.685546875
3351.736083984375
1258.5948486328125
-4011.5244140625
-1634.3819580078125
661.0958251953125
1902.9169921875
1503.0595703125
-142.0206298828125
-438.2431640625
1767.969482421875
3910.991455078125
3001.1484375
-2778.06787109375
1833.3114013671875
3766.03759765625
2936.5869140625
1090.4730224609375
-1291.0693359375
-2749.689697265625
-1159.2296142578125
2605.576416015625
3959.62744140625
-1032.4278564453125
3841.381591796875
4051.91357421875
1444.7022705078125
-73.37893676757812
-1159.087646484375
-3064.48193359375
-3229.925048828125
543.9056396484375
3809.333251953125
-574.7474975585938
4027.77099609375
3742.351806640625
557.59521484375
-880.2135009765625
-1027.774169921875
-2628.2568359375
-4045.198974609375
-1292.6204833984375
2722.2265625
-1277.88134765625
3171.366943359375
3938.720947265625
1335.489990234375
-789.0904541015625
-1434.12353515625
-2698.9951171875
-4520.20263671875
-2828.71728515625
1390.6563720703125
-2429.591064453125
1468.3822021484375
3696.6513671875
2764.66455078125
637.3936157226562
-1088.2283935546875
-3123.142333984375
-5223.71728515625
-3541.167236328125
1231.6751708984375
-3140.023681640625
-746.5366821289062
1900.5147705078125
2751.492919921875
1761.5181884765625
-380.9006042480469
-3276.236572265625
-4779.6767578125
-1815.807373046875
2881.11328125
-2739.046875
-2505.496826171875
-888.7821044921875
790.5416870117188
1073.50830078125
-482.01239013671875
-2349.313720703125
-1752.0032958984375
1827.4229736328125
4427.90478515625
2546.33837890625
3074.416015625
2122.43896484375
-324.8036193847656
-2710.355224609375
-3520.265625
-2806.424560546875
-1564.9134521484375
-206.92247009277344
915.1029052734375
1270.583740234375
-281.1549072265625
-3270.361328125
-6341.37451171875
-7891.9541015625
-7446.18798828125
-5801.57373046875
-3985.47802734375
-2395.542724609375
-712.7828979492188
-1585.7376708984375
-3975.004150390625
-6161.87646484375
-6829.1962890625
-5916.9482421875
-4713.60498046875
-4069.8466796875
-3587.33740234375
-2810.914794921875
-1768.686767578125
-3339.149658203125
-4805.685546875
-5360.03955078125
-4215.90869140625
-2365.390625
-1494.86767578125
-1770.4498291015625
-2371.96337890625
-2393.8896484375
-1943.5091552734375
-2868.18408203125
-3443.90185546875
-3279.91845703125
-1878.24169921875
-491.0557556152344
-312.3762512207031
-751.2015991210938
-1478.447509765625
-1910.7955322265625
-1792.7410888671875
-1791.071044921875
-2037.734375
-1821.189453125
-394.17413330078125
678.3128051757812
326.38787841796875
-114.54888153076172
-617.6064453125
-1266.3333740234375
-1530.8946533203125
-1805.674560546875
-1873.260009765625
-1685.4927978515625
-225.8057861328125
1471.086181640625
1711.4437255859375
1472.3377685546875
1024.7769775390625
-66.62484741210938
-1239.876220703125
-2460.984375
-2666.262939453125
-2230.9921875
-882.6530151367188
1535.728515625
3440.584716796875
3898.229736328125
2702.076171875
291.8504943847656
-2139.573974609375
-2368.858642578125
-3247.52880859375
-3152.42724609375
-2210.90087890625
-330.468505859375
1728.946533203125
2156.5283203125
135.6138916015625
-2920.20849609375
-4923.521484375
-1421.1253662109375
-2702.94775390625
-3834.73828125
-4344.4453125
-4388.14990234375
-4443.2451171875
-5074.462890625
-6266.23046875
-7014.037109375
-6215.30419921875
-1338.107666015625
1350.5150146484375
1678.30224609375
-488.747802734375
-2494.0302734375
-2543.494873046875
-1006.1103515625
-169.5906219482422
-1158.8355712890625
-2148.906982421875
732.6782836914062
3851.071044921875
1528.4268798828125
-2272.45166015625
-3683.7890625
-3014.034423828125
-1049.4544677734375
521.9749145507812
-65.73612213134766
-2021.5467529296875
3377.06494140625
5331.45361328125
-212.42857360839844
-4047.280029296875
-3636.128173828125
-2598.5869140625
-1089.30908203125
1254.6044921875
1813.0738525390625
-779.6327514648438
5200.5908203125
5242.12158203125
-2209.9638671875
-4727.66796875
-2549.129638671875
-1909.46484375
-1975.29052734375
640.2144165039062
3546.33935546875
1449.025390625
5564.18603515625
4575.82763671875
-3054.73388671875
-4415.92822265625
-1523.1600341796875
-1110.8551025390625
-2770.260009765625
-1248.2877197265625
4102.08203125
3981.980224609375
4559.193359375
4040.213623046875
-2396.3662109375
-3778.924560546875
-1413.279541015625
-839.369140625
-3130.871826171875
-2724.483154296875
4294.9814453125
5875.25830078125
2897.110595703125
3340.516357421875
-1196.244140625
-3004.599609375
-1939.102294921875
-1648.1148681640625
-3501.603271484375
-2507.570068359375
4960.32177734375
6031.4150390625
1170.2708740234375
2322.404296875
-313.9871826171875
-2117.657958984375
-2449.7431640625
-2990.85888671875
-3565.316650390625
-843.5364379882812
4990.55712890625
3652.822265625
-247.14669799804688
1150.5433349609375
267.37152099609375
-1188.72607421875
-2364.770751953125
-3219.151123046875
-2542.44921875
545.7905883789062
3105.30615234375
139.74868774414062
-946.647705078125
-57.77168273925781
560.9784545898438
137.05226135253906
-1133.3433837890625
-1965.2413330078125
-1128.920654296875
487.95733642578125
407.85723876953125
-1968.03564453125
440.2987365722656
-1014.7681884765625
-1694.44970703125
-1461.98876953125
-959.930908203125
-217.6328887939453
-1381.5579833984375
-5963.892578125
-8959.2685546875
-5570.87451171875
1425.4266357421875
-1318.2236328125
-2272.072509765625
-1026.0770263671875
408.07965087890625
3047.369384765625
5350.46484375
2070.729248046875
-5898.06494140625
-8786.5966796875
3199.38037109375
-1031.75634765625
-3017.8486328125
-1474.2803955078125
-193.45663452148438
1809.5167236328125
5854.20068359375
7651.77197265625
1051.96484375
-7644.94873046875
4723.5732421875
-220.04913330078125
-3190.8330078125
-1565.2889404296875
-495.12841796875
-366.0528564453125
1955.4180908203125
6859.71728515625
5707.99609375
-3820.91259765625
5123.0009765625
-353.4364929199219
-4368.39404296875
-1965.41259765625
146.31228637695312
-389.30206298828125
-216.6062469482422
4120.8095703125
6742.2353515625
-295.1833801269531
5490.73291015625
-193.65476989746094
-6533.1025390625
-4532.328125
-172.43899536132812
443.2669982910156
-337.4628601074219
2144.60791015625
5570.86474609375
1554.7904052734375
6427.1962890625
2881.708984375
-5782.78125
-8242.4033203125
-3786.3115234375
-349.19110107421875
-18.12223243713379
1029.042724609375
3531.593994140625
1582.9754638671875
5710.6240234375
6804.74658203125
199.01101684570312
-7229.1181640625
-8061.1005859375
-4530.072265625
-1877.865966796875
-260.8790588378906
1404.005126953125
162.81985473632812
2691.518310546875
6907.8896484375
6461.7958984375
274.3448486328125
-5816.001953125
-6912.7080078125
-4693.7265625
-2061.8125
-421.9119567871094
-1069.84375
-44.26815414428711
3146.64892578125
6851.935546875
6765.2626953125
2161.89794921875
-2249.038330078125
-3155.872314453125
-1750.16796875
-558.26220703125
-620.0596313476562
2218.6953125
2208.099853515625
1041.7802734375
246.4243927001953
681.9722290039062
2190.255859375
4718.74267578125
7073.232421875
6470.59033203125
2380.916748046875
856.3567504882812
104.04705047607422
-1912.2655029296875
-3898.336181640625
-5296.845703125
-6364.17822265625
-4954.7392578125
-255.607421875
4437.5654296875
4698.49755859375
-888.01416015625
-27.26131820678711
-465.86676025390625
-1299.6287841796875
-1997.5809326171875
-3961.6337890625
-5719.46875
-4379.79443359375
166.47048950195312
3848.054443359375
-2215.615966796875
-797.5936889648438
-440.10662841796875
-555.222900390625
130.18397521972656
-133.96693420410156
-2187.374267578125
-3675.51416015625
-1774.654296875
2048.3857421875
-1548.25146484375
-487.5885009765625
-438.2262878417969
-1358.7713623046875
-911.7304077148438
128.2165985107422
-665.6013793945312
-2427.69970703125
-2166.910400390625
464.74560546875
-144.86740112304688
1640.820556640625
2347.8681640625
196.7143096923828
-1838.0985107421875
-1307.360595703125
-727.5936279296875
-1647.6983642578125
-2394.304931640625
-1286.6861572265625
-1464.6170654296875
1290.6419677734375
4591.15283203125
4089.87158203125
-41.31222915649414
-2311.041259765625
-1626.479736328125
-1363.56298828125
-2243.076904296875
-2022.4981689453125
-3796.698974609375
-2187.496337890625
2730.569580078125
6910.09423828125
6248.78173828125
2972.77099609375
974.069580078125
145.64385986328125
-517.8226928710938
-297.8963317871094
-3520.199951171875
-5124.86181640625
-2725.75439453125
3322.93408203125
8555.3935546875
8993.9296875
5923.26025390625
2906.14990234375
1289.3138427734375
711.1127319335938
-977.0814819335938
-4185.65283203125
-6545.5361328125
-5502.55615234375
-1657.661376953125
1471.025634765625
1969.050048828125
830.3256225585938
-423.09478759765625
-1045.67333984375
-543.692138671875
1107.526611328125
3726.78076171875
5104.5693359375
5047.65869140625
4440.890625
3711.382568359375
2780.72607421875
2250.153076171875
1475.6131591796875
1164.5953369140625
4253.275390625
6322.515625
5471.98095703125
3725.719970703125
2907.86572265625
3059.53125
2835.00439453125
2395.22021484375
2235.78564453125
2545.96826171875
4961.2255859375
5006.509765625
2298.98828125
390.8995666503906
215.06373596191406
1214.6063232421875
2120.778564453125
2148.9521484375
2529.117919921875
2277.8466796875
3576.397705078125
3020.560546875
585.6032104492188
-421.2748107910156
-321.24566650390625
292.4733581542969
1343.2508544921875
1682.0771484375
2505.61572265625
1552.7149658203125
2415.1884765625
2384.494384765625
560.3198852539062
-218.1681365966797
-122.8729019165039
178.8517303466797
851.2593383789062
1142.0692138671875
2351.786865234375
1447.9588623046875
2056.35400390625
2400.50927734375
1015.32861328125
-21.803607940673828
-0.4835127890110016
93.31891632080078
244.35470581054688
814.4949951171875
2550.134765625
1666.4405517578125
2411.816650390625
2805.62109375
1899.64111328125
746.030517578125
73.24079895019531
-551.4215698242188
-368.5484924316406
1262.3387451171875
3303.92724609375
1366.052734375
2305.1123046875
2895.506591796875
2669.568603515625
1891.398681640625
747.5400390625
-134.7662353515625
965.45654296875
3224.3671875
4188.90576171875
627.8309936523438
1440.5972900390625
2384.159423828125
2822.947998046875
2693.027587890625
2521.655029296875
2903.633544921875
4294.66748046875
4976.3564453125
3750.259765625
32.57229232788086
561.4276123046875
1604.37109375
2731.56787109375
3539.198974609375
4427.99658203125
5197.8486328125
5137.1162109375
3688.734619140625
1695.822021484375
-2001.0966796875
-2375.63623046875
-2091.274169921875
-409.87750244140625
1930.565185546875
2773.213134765625
1441.6351318359375
-747.9400634765625
-2328.185546875
-2566.66748046875
-709.0594482421875
-8.85739517211914
1340.2205810546875
3683.6171875
6358.32275390625
7497.5263671875
6228.26025390625
3513.164306640625
840.1929931640625
-1187.3712158203125
815.8180541992188
825.0922241210938
470.30078125
381.8824768066406
536.7725830078125
1006.6376342773438
2015.488525390625
2262.095703125
1407.3358154296875
-2.356219530105591
1355.52197265625
1215.4779052734375
389.8853454589844
-282.7109069824219
-971.259521484375
-1416.08154296875
-383.7608642578125
817.3253173828125
849.0465087890625
158.3055877685547
-117.31884002685547
133.97850036621094
-131.71351623535156
-271.155029296875
-286.4705505371094
-602.09912109375
-341.5260925292969
383.3996887207031
682.8643798828125
352.9314880371094
-1182.8880615234375
-1227.8192138671875
-1552.6868896484375
-1491.156494140625
-632.1144409179688
60.16889572143555
-25.960716247558594
132.89999389648438
557.8302612304688
516.7088012695312
254.13238525390625
-440.84527587890625
-1536.2999267578125
-2222.592529296875
-1720.3333740234375
-632.8104858398438
-505.4261779785156
-916.20556640625
-907.8283081054688
-739.2327880859375
1964.9517822265625
1662.5914306640625
-174.55477905273438
-2588.37939453125
-4519.13427734375
-5178.587890625
-4756.0234375
-4331.4677734375
-3636.864501953125
-2153.8369140625
1398.1885986328125
2920.029052734375
2466.730224609375
15.76032829284668
-3289.541748046875
-5736.41650390625
-5934.1435546875
-4386.037109375
-1962.7899169921875
549.3975219726562
-445.7949523925781
1581.1339111328125
3903.0458984375
5029.23974609375
5011.68212890625
4241.353515625
3268.338134765625
2975.97412109375
3458.204345703125
3484.331298828125
2570.68701171875
1404.5640869140625
196.0540008544922
-183.27487182617188
534.8062744140625
2444.225341796875
3442.86669921875
881.9534912109375
-2859.63818359375
-3173.2265625
1586.9080810546875
-790.3248901367188
-2386.5107421875
-2504.93603515625
-1912.1328125
426.5353088378906
4491.53466796875
5646.1591796875
1189.033447265625
-3183.898193359375
543.87548828125
-1524.0772705078125
-3168.285888671875
-3233.29541015625
-3326.4091796875
-3061.021240234375
281.90130615234375
5279.20166015625
5001.7841796875
-604.66943359375
409.61920166015625
-267.165283203125
-1751.28662109375
-1756.7315673828125
-1609.0361328125
-2741.634033203125
-2621.874755859375
1813.7835693359375
5450.7236328125
2175.835205078125
977.146728515625
941.7579956054688
-1183.91552734375
-1214.5540771484375
-313.4007873535156
-1120.3419189453125
-2547.403076171875
-499.0153503417969
3934.85302734375
3454.623291015625
2285.537353515625
2370.733642578125
-1388.6148681640625
-2420.377197265625
-566.9344482421875
-128.7251739501953
-1283.9150390625
-1168.227783203125
1925.04296875
3142.219970703125
2787.759521484375
4963.82568359375
971.066650390625
-2842.750244140625
-1984.90380859375
17.527706146240234
68.69357299804688
-1062.2586669921875
28.69414710998535
1693.825439453125
446.7724609375
5518.8330078125
5296.298828125
686.5488891601562
-1784.4500732421875
-735.8633422851562
-259.4398193359375
-1628.9962158203125
-1353.7208251953125
170.0858917236328
-2751.085205078125
1767.2755126953125
5987.98583984375
5473.6865234375
1823.677978515625
-885.2018432617188
-2333.276123046875
-3134.33544921875
-1994.882080078125
-351.5228576660156
-3512.93212890625
-2739.822265625
1059.1796875
4569.6083984375
4113.015625
588.514892578125
-2390.68896484375
-2809.740234375
-1252.2884521484375
91.99275970458984
1367.88623046875
4877.77197265625
6556.48291015625
5262.35498046875
2658.684326171875
641.714599609375
-349.2529602050781
-628.6553955078125
-347.645263671875
539.4540405273438
3483.724365234375
3758.247802734375
1295.727783203125
-1933.063720703125
-3339.989013671875
-2643.825927734375
-1704.687744140625
-1162.358154296875
-916.7040405273438
-323.0159912109375
1528.87451171875
-686.4004516601562
-3057.19091796875
-3758.118408203125
-2811.17431640625
-1392.7899169921875
-811.347900390625
-643.0610961914062
-376.3482360839844
-345.671875
-1326.2637939453125
-2517.45654296875
-2325.15869140625
-1096.9822998046875
-251.31695556640625
-132.79595947265625
-532.4443969726562
-821.9234619140625
-279.1860656738281
102.3969497680664
-2066.089599609375
-2044.899169921875
-861.1593627929688
434.3587646484375
548.536865234375
-54.38866424560547
-722.17431640625
-1211.498779296875
-496.1344909667969
567.4261474609375
-1166.7049560546875
-1171.854248046875
-632.5170288085938
398.4183654785156
682.0614013671875
-209.73463439941406
-1294.3516845703125
-1491.6448974609375
-229.54127502441406
1133.595458984375
-134.846435546875
-472.1705322265625
-1053.77685546875
-1055.460205078125
-681.071044921875
-1148.6766357421875
-1434.63232421875
-136.6387481689453
1464.506591796875
1727.698486328125
-20.26706314086914
-6.262893199920654
-320.104736328125
-1053.5550537109375
-1181.9449462890625
-150.66575622558594
2133.89794921875
4087.63671875
3418.375732421875
1045.4940185546875
-534.1720581054688
122.23450469970703
1094.1854248046875
1461.4173583984375
1899.506591796875
3830.271728515625
5855.33349609375
4687.9755859375
778.8955688476562
-1972.4766845703125
-763.9854125976562
-426.203369140625
608.6251220703125
1837.019287109375
2690.3671875
2696.471923828125
1065.1658935546875
-2098.70068359375
-4215.7939453125
-3440.207275390625
-1661.0191650390625
-696.8572998046875
-767.1654052734375
-1750.6539306640625
-3013.28564453125
-4005.697265625
-2569.633544921875
1688.282958984375
4278.720703125
2704.4443359375
-2224.87158203125
-217.16651916503906
-35.73709487915039
-1006.537353515625
-1954.5927734375
-4087.13623046875
-5911.55029296875
-3175.52685546875
2403.37646484375
4187.08447265625
-2585.587646484375
335.8157958984375
1024.698974609375
258.7015380859375
184.391845703125
-1073.5704345703125
-4601.263671875
-5942.296875
-1231.284423828125
3806.592529296875
-2639.042236328125
358.6653747558594
1222.6092529296875
317.6490478515625
485.8341979980469
649.1942749023438
-1749.8177490234375
-5457.4697265625
-3901.560302734375
2007.4913330078125
-2759.013916015625
691.3379516601562
2096.892578125
695.6846313476562
75.45999908447266
484.3249816894531
-397.81402587890625
-3854.587890625
-4573.53369140625
157.25999450683594
-3904.015380859375
180.31643676757812
3443.453369140625
2320.15673828125
383.6553649902344
-31.178363800048828
-277.2224426269531
-2270.122802734375
-3528.637939453125
-780.6564331054688
-5464.32373046875
-2880.765380859375
2421.9580078125
4175.21044921875
2263.119384765625
421.1000671386719
-213.02757263183594
-878.158447265625
-1871.180419921875
-862.2896728515625
-4823.65771484375
-6072.2216796875
-2243.8447265625
2405.236328125
3300.834228515625
1621.2440185546875
325.5657653808594
-239.6901397705078
-1109.246337890625
-769.8245849609375
-1920.3409423828125
-5537.392578125
-6261.8359375
-3157.477294921875
85.24092102050781
828.49951171875
301.4264221191406
-370.7457275390625
-1075.80126953125
-717.37353515625
449.1363830566406
-1988.6260986328125
-5136.794921875
-6046.04248046875
-4089.60205078125
-1813.4107666015625
-763.2833251953125
-756.9238891601562
-1007.854248046875
-694.2689819335938
-1332.77978515625
-1308.599365234375
-934.8333129882812
-927.6087646484375
-1652.2529296875
-2521.61669921875
-2687.4140625
-1945.7847900390625
-491.18353271484375
897.110595703125
-1886.0791015625
-1874.2919921875
-1347.740966796875
-1196.962890625
-1731.947998046875
-2432.62255859375
-2983.740966796875
-2883.98486328125
-1915.523193359375
-255.44590759277344
-2387.21044921875
-2438.68310546875
-1591.74853515625
-979.1314697265625
-1051.9822998046875
-1249.197998046875
-1914.5001220703125
-2552.169189453125
-2375.966064453125
-1211.470458984375
-2348.29345703125
-2294.0556640625
-1133.78369140625
-249.45945739746094
-296.5710754394531
-391.0625915527344
-974.7064819335938
-1998.9681396484375
-2385.489990234375
-1761.5274658203125
-2137.279296875
-1935.225830078125
-551.2088623046875
545.8342895507812
327.9712829589844
-47.675323486328125
-586.309326171875
-1575.1383056640625
-2245.928466796875
-1989.033447265625
-2191.188232421875
-2075.427978515625
-678.0533447265625
883.1422119140625
1013.8986206054688
323.2429504394531
-415.1706848144531
-1253.9488525390625
-1890.42138671875
-1775.6619873046875
-2200.061767578125
-2601.220703125
-1728.3255615234375
56.652835845947266
1167.9974365234375
894.8477172851562
-22.089181900024414
-846.3573608398438
-1297.002197265625
-1213.615966796875
-1718.59765625
-2740.65087890625
-2861.23291015625
-1859.89013671875
-408.2643737792969
389.69464111328125
178.4437713623047
-435.2563171386719
-869.4671020507812
-1001.4639892578125
-868.8527221679688
-1975.4808349609375
-2912.370361328125
-3164.19091796875
-2621.5732421875
-1595.422607421875
-930.125244140625
-1001.4614868164062
-1293.889892578125
-1390.0465087890625
-303.64306640625
-887.8087768554688
-1815.98486328125
-2632.2216796875
-3018.16259765625
-2876.308349609375
-2454.93359375
-2136.348388671875
-1899.4842529296875
-1518.6923828125
-492.5812072753906
688.70947265625
1103.0064697265625
433.8685302734375
-653.7232055664062
-1513.0535888671875
-1855.3663330078125
-1599.3477783203125
-704.8165893554688
214.29466247558594
493.18670654296875
1316.3055419921875
987.9735717773438
326.53155517578125
23.94829750061035
-151.84219360351562
-698.4961547851562
-1280.679931640625
-1206.8082275390625
-416.9045104980469
1104.4007568359375
1102.0611572265625
559.64599609375
552.624267578125
1154.8743896484375
1493.061767578125
948.026123046875
-40.49829864501953
-689.2774047851562
-588.7977905273438
1081.8896484375
664.4545288085938
218.00439453125
388.8961486816406
737.9714965820312
1082.6268310546875
972.3868408203125
390.7398986816406
-162.82342529296875
-350.78094482421875
737.4171142578125
291.7019958496094
265.83233642578125
462.424072265625
382.5860900878906
425.7829284667969
544.636962890625
335.5662536621094
170.87753295898438
92.33527374267578
253.41433715820312
-282.8695983886719
-72.17953491210938
381.6551208496094
513.9871826171875
239.89288330078125
87.91331481933594
280.828125
737.7752075195312
678.1990966796875
92.20912170410156
-754.9776611328125
-1012.9992065429688
-525.619873046875
146.47061157226562
82.62386322021484
-6.926215171813965
897.2511596679688
1708.292236328125
1081.1475830078125
571.0567016601562
-425.016357421875
-1293.20556640625
-1537.34326171875
-1000.0100708007812
-307.1548156738281
667.9031982421875
2015.00341796875
2028.716064453125
541.4900512695312
1090.275390625
555.2760009765625
-343.1022033691406
-1250.986083984375
-1491.651611328125
-644.4608764648438
821.7986450195312
1614.2724609375
668.1338500976562
-591.195068359375
1096.1929931640625
1272.0347900390625
986.1481323242188
243.0675048828125
-470.98681640625
-453.6131286621094
10.961533546447754
-22.9621639251709
-619.329345703125
-664.4739379882812
