504.8016052246094
0.0
691.8038940429688
725.3080444335938
3.6454086303710938
0.0
315.4514465332031
416.4396057128906
246.02975463867188
0.0
0.0
0.0
33.9129524230957
799.1480712890625
0.42591261863708496
169.08901977539062
305.95587158203125
189.2288818359375
661.603515625
0.0
77.86569213867188
538.5022583007812
709.185791015625
43.41981887817383
312.6953430175781
0.0
577.3328857421875
514.8911743164062
0.0
2595.743408203125
0.0
2668.7763671875
2147.009521484375
196.916748046875
248.1380615234375
0.0
4032.40185546875
1782.473876953125
815.9892578125
0.0
0.0
990.7582397460938
2726.036865234375
1402.7607421875
0.0
308.2179260253906
0.0
269.7616271972656
500.15386962890625
2.467792510986328
4816.14013671875
863.7754516601562
0.0
0.0
0.0
905.4108276367188
0.0
657.492431640625
587.1375732421875
207.976318359375
0.0
39.106956481933594
346.2198486328125
1009.1307373046875
1166.9898681640625
74.00621032714844
0.0
470.0489501953125
4406.0537109375
1499.5968017578125
284.6688232421875
382.574462890625
840.5570068359375
1137.2657470703125
0.0
1909.077880859375
0.0
524.7227783203125
35.616939544677734
70.33567810058594
202.2309112548828
536.76025390625
1786.3602294921875
161.9096221923828
0.0
0.0
1176.132568359375
703.278076171875
1515.694091796875
0.0
0.0
435.66094970703125
248.99282836914062
2869.164306640625
0.0
282.87939453125
115.61083984375
1687.5972900390625
968.8743896484375
0.0
0.0
0.0
121.3892593383789
2137.665283203125
1489.767578125
458.3278503417969
2316.6591796875
648.3831787109375
441.99237060546875
3369.3359375
1967.2880859375
2449.140625
0.0
0.0
1768.8663330078125
1159.937255859375
2933.8818359375
159.34840393066406
0.0
655.5828857421875
0.0
1360.6373291015625
708.756591796875
0.0
2284.1103515625
1722.83447265625
530.6097412109375
0.0
0.0
228.77572631835938
0.0
0.0
0.0
0.0
0.0
0.0
0.0
251.1751708984375
0.0
0.0
0.0
0.0
2039.710693359375
2274.355224609375
72.9626235961914
0.0
0.0
432.23663330078125
573.0355224609375
0.0
1483.566162109375
801.6822509765625
0.0
130.4937286376953
0.0
4787.8076171875
0.0
0.0
473.7047119140625
1702.109619140625
4684.85498046875
0.0
0.0
0.0
4563.57568359375
2432.57568359375
0.0
0.0
0.0
4908.77880859375
287.6358337402344
241.35055541992188
0.0
258.4369812011719
913.22802734375
466.43133544921875
0.0
863.8622436523438
1855.298583984375
0.0
1980.7384033203125
0.0
452.3791809082031
5580.27685546875
1689.990234375
2653.43359375
0.0
147.3948211669922
1566.3543701171875
3466.972412109375
5456.06884765625
49.75275421142578
0.0
257.26068115234375
1670.3485107421875
3186.51416015625
5088.3349609375
540.4744873046875
0.0
0.0
1346.7996826171875
322.0511779785156
718.0570068359375
2947.99365234375
4496.892578125
0.0
0.0
32.54599380493164
0.0
1515.7276611328125
410.20513916015625
636.1456298828125
32.05414962768555
0.0
116.1864013671875
322.6604919433594
4580.421875
2305.38818359375
279.9283447265625
0.0
0.0
830.7335205078125
4755.08740234375
2907.1962890625
500.10662841796875
1631.349365234375
5156.46142578125
4030.53369140625
3096.6611328125
2089.19287109375
3340.359619140625
2727.91552734375
151.49082946777344
1242.7772216796875
2216.44091796875
1868.0540771484375
1590.1629638671875
0.0
341.9461975097656
1714.6214599609375
1937.3555908203125
2567.584228515625
864.552490234375
241.3641357421875
2994.884765625
665.6070556640625
2385.76171875
3295.4697265625
4383.31640625
3527.793212890625
0.0
1255.95947265625
4639.9072265625
2795.764892578125
210.04824829101562
1052.9775390625
310.51715087890625
385.8525390625
1273.727294921875
603.6719970703125
33.494625091552734
0.0
15.042223930358887
129.07492065429688
527.583740234375
970.4189453125
0.0
0.0
0.0
0.0
1474.837890625
2853.69384765625
2313.2587890625
1561.078125
1872.9832763671875
1390.539794921875
49.01350021362305
851.3917846679688
3615.628662109375
297.25836181640625
238.37367248535156
0.0
0.0
1843.7216796875
3157.085693359375
1643.7939453125
0.0
0.0
0.0
3114.184814453125
3429.297607421875
1738.478515625
4.381926536560059
17.17339324951172
473.1513671875
441.8188781738281
4272.615234375
1631.302001953125
0.0
22.99818992614746
3371.90771484375
3278.641357421875
825.0997314453125
0.0
134.86351013183594
382.2186279296875
0.0
0.0
0.0
25.5992374420166
0.0
208.19427490234375
307.6495666503906
0.0
425.2554016113281
0.0
0.0
0.0
1555.3836669921875
1914.018798828125
30.558626174926758
1250.311767578125
2779.154296875
2902.11865234375
194.72389221191406
0.0
0.0
0.0
422.07073974609375
3393.40625
173.62030029296875
705.9146728515625
329.8551025390625
0.0
1453.52099609375
217.91360473632812
2139.046875
235.86007690429688
0.0
39.314998626708984
0.0
2250.60107421875
1901.574462890625
81.39144134521484
0.0
112.28409576416016
0.0
228.4351043701172
75.35660552978516
0.0
0.0
0.0
0.0
0.0
224.27764892578125
0.0
0.0
0.0
0.0
0.0
0.0
357.244140625
416.2781982421875
0.0
0.0
0.0
14.163208961486816
613.1349487304688
44.61094284057617
0.0
0.0
0.0
0.0
0.0
0.0
624.5504150390625
712.8450317382812
5.987074375152588
0.0
53.573665618896484
988.2015380859375
429.7926940917969
1117.133544921875
577.7882080078125
0.0
320.63336181640625
277.4778747558594
390.562255859375
312.2361755371094
419.7967834472656
165.8164520263672
0.0
57.27362060546875
895.0394287109375
1339.91162109375
1003.44482421875
307.30389404296875
0.0
611.7581176757812
167.03346252441406
