321.9587707519531
3299.46826171875
83.19881439208984
150.17584228515625
0.0
1974.49169921875
1766.08740234375
571.6288452148438
1290.994384765625
0.0
1374.198974609375
19.833269119262695
2005.140625
1001.8904418945312
0.0
774.0771484375
1691.0423583984375
1623.0029296875
34.644500732421875
0.0
1585.145263671875
2134.677978515625
978.3370361328125
0.0
56.21580505371094
1014.4576416015625
1925.229736328125
507.06201171875
0.0
0.0
1167.826904296875
448.098876953125
93.62787628173828
206.49462890625
0.0
495.89898681640625
643.40234375
1797.03271484375
672.26025390625
0.0
1088.2115478515625
1933.935302734375
1188.309326171875
107.48548126220703
0.0
719.9249877929688
829.0528564453125
49.565040588378906
0.0
0.0
209.4461669921875
1079.6170654296875
451.62042236328125
2433.87939453125
112.28836822509766
100.8741226196289
381.9561767578125
0.0
1575.1705322265625
193.4853515625
0.0
1212.995361328125
712.3365478515625
543.9014892578125
0.0
0.0
1021.4107055664062
1200.110595703125
1417.94775390625
0.0
0.0
458.118408203125
65.86478424072266
739.7373046875
420.84979248046875
157.44004821777344
1740.0654296875
3155.402099609375
2336.8525390625
492.77447509765625
520.2064819335938
1726.814208984375
521.1664428710938
2158.963134765625
929.1493530273438
38.26729202270508
890.2899169921875
918.00390625
2246.94921875
780.94482421875
155.1492919921875
2000.0289306640625
3002.942138671875
2939.3681640625
520.8670654296875
238.95346069335938
1939.8048095703125
2626.93212890625
2655.528564453125
618.3143310546875
553.8783569335938
2377.450439453125
1546.593994140625
2481.9208984375
712.5516967773438
838.3126220703125
1051.4830322265625
300.2641906738281
1585.6435546875
569.5521850585938
0.0
977.2194213867188
2651.7158203125
2026.8609619140625
282.1289367675781
623.847900390625
2375.86572265625
3155.154052734375
2419.662109375
491.8248291015625
163.33091735839844
1425.565673828125
1487.03173828125
948.840576171875
496.115478515625
338.11907958984375
3394.883056640625
1379.2916259765625
0.0
0.0
1705.71923828125
787.8618774414062
0.0
0.0
0.0
407.2033996582031
0.0
860.7210693359375
371.8670654296875
0.0
498.3688049316406
1773.2049560546875
1278.678955078125
0.0
0.0
1029.537109375
290.9862365722656
0.0
0.0
0.0
43.67143249511719
874.1533813476562
993.3816528320312
1263.344482421875
382.34722900390625
319.71221923828125
45.074520111083984
0.0
132.30935668945312
405.33880615234375
0.0
0.0
14.819971084594727
0.0
172.1868438720703
59.542640686035156
328.0166320800781
830.1784057617188
359.3803405761719
208.5349884033203
40.747562408447266
186.39892578125
123.47992706298828
437.60723876953125
535.9275512695312
0.0
19.161605834960938
755.51318359375
2548.056640625
1185.0819091796875
0.0
0.0
0.0
604.3612060546875
1690.484619140625
0.0
122.53289031982422
568.300048828125
356.60455322265625
1385.413818359375
0.0
45.780067443847656
661.6558837890625
1749.32177734375
1326.12548828125
0.0
0.0
0.0
1032.963134765625
1447.315673828125
0.0
0.0
0.0
319.011474609375
20.77496910095215
0.0
3.192735195159912
834.8408203125
1013.7153930664062
340.79840087890625
308.6326904296875
706.6980590820312
1189.1072998046875
115.21621704101562
483.610595703125
37.21368408203125
0.0
12.85413646697998
40.8665657043457
516.8704833984375
12.142563819885254
0.0
36.64632034301758
415.7731018066406
641.7054443359375
0.0
931.5982666015625
1524.9056396484375
357.2121887207031
111.92025756835938
444.7742004394531
1545.9915771484375
81.83213806152344
0.0
98.26648712158203
727.7433471679688
0.0
0.0
135.7582550048828
0.0
0.0
415.539306640625
837.8301391601562
264.8193054199219
0.0
535.1923828125
814.1805419921875
1805.49169921875
643.1104736328125
144.85169982910156
37.03093719482422
38.182315826416016
694.8409423828125
187.0072479248047
163.94277954101562
0.0
830.1363525390625
648.0411987304688
593.6414184570312
431.023193359375
0.0
553.278564453125
0.0
1122.3533935546875
498.0006103515625
0.0
126.8079833984375
0.0
1353.4642333984375
218.8299102783203
0.0
162.46844482421875
611.2428588867188
1244.7457275390625
50.86186599731445
1642.752685546875
601.8635864257812
41.4412727355957
0.0
170.6851806640625
1976.3775634765625
0.0
1784.1708984375
0.0
526.3589477539062
1287.954345703125
0.0
1304.1597900390625
0.0
752.7686767578125
1828.5413818359375
105.32457733154297
54.74721908569336
0.0
704.492919921875
1873.035400390625
15.789928436279297
0.0
0.0
960.1068115234375
347.449462890625
347.03955078125
0.0
0.0
8.560178756713867
132.0894775390625
0.0
285.3749084472656
528.05517578125
48.66535186767578
17.855674743652344
544.5909423828125
1479.78466796875
326.70654296875
166.90399169921875
368.5965270996094
529.4053955078125
148.43841552734375
0.0
332.5088806152344
0.0
0.0
0.0
0.0
30.7670955657959
131.86753845214844
31.563262939453125
0.0
305.47698974609375
14.970285415649414
0.0
0.0
212.48153686523438
1284.73388671875
339.844970703125
0.0
1005.9801635742188
735.1273193359375
497.6094970703125
575.280029296875
0.0
326.7049560546875
0.0
428.0757141113281
663.7317504882812
0.0
0.0
0.0
678.4066162109375
395.1470947265625
264.6263427734375
912.21630859375
3161.55419921875
3252.015380859375
147.04884338378906
311.66436767578125
2175.15380859375
1519.7374267578125
2502.99560546875
570.0382690429688
355.0243225097656
2027.3812255859375
168.4055633544922
779.1522216796875
261.79473876953125
141.3799285888672
1615.6005859375
2651.745849609375
2764.19580078125
81.93905639648438
253.74728393554688
2429.369873046875
3187.32958984375
4225.6796875
1390.465576171875
0.0
0.0
310.0051574707031
1345.40478515625
34.581573486328125
0.0
1120.531494140625
664.5678100585938
2033.78955078125
335.8056640625
0.0
1691.6044921875
0.0
1911.4896240234375
512.199462890625
0.0
15.119966506958008
144.17874145507812
2618.136474609375
366.99615478515625
0.0
197.14138793945312
949.5942993164062
2900.04638671875
396.13507080078125
