0.0
0.0
0.0
0.0
0.0
0.0
0.0
24.102375030517578
25.291828155517578
3.0489501953125
0.006919903680682182
0.0
0.0
0.0
0.0
0.0
0.0
0.0
0.0
0.0
104.49104309082031
181.109375
145.3922882080078
51.58436965942383
1.5746965408325195
0.0
0.0
0.0
0.0
0.0
0.0
0.0
0.0
166.57559204101562
421.51556396484375
368.2662353515625
266.575927734375
161.0736083984375
22.765220642089844
0.02767961472272873
0.0
0.0
0.0
0.0
0.0
0.0
73.17622375488281
381.013427734375
360.4514465332031
198.71438598632812
253.3672332763672
272.9589538574219
65.80511474609375
0.4588087797164917
0.0
0.0
0.0
0.0
0.0
4.394746780395508
217.0186309814453
380.8797302246094
136.57521057128906
27.10053825378418
188.74229431152344
337.20245361328125
101.65139770507812
1.9080445766448975
0.0
0.0
0.0
0.0
0.6577742099761963
50.2462158203125
296.4438171386719
304.2416076660156
36.54574203491211
2.8541622161865234
169.94044494628906
370.4049072265625
111.02474975585938
1.3011835813522339
0.0
0.0
0.0
0.0
3.7453482151031494
97.95501708984375
265.2496643066406
159.0918426513672
9.674362182617188
5.5749993324279785
190.51412963867188
357.7103576660156
88.199462890625
0.0
0.0
0.0
0.0
0.0
0.8705870509147644
23.122737884521484
26.34417724609375
25.303306579589844
76.2831039428711
104.10893249511719
289.03076171875
351.48394775390625
59.117393493652344
0.003893554210662842
0.0
0.0
0.0
0.0
0.0
0.0
50.442832946777344
313.12530517578125
327.565673828125
307.1237487792969
411.343505859375
295.8336486816406
28.220863342285156
0.0
0.0
0.0
0.0
0.0
0.0
2.631000518798828
188.91314697265625
374.3907470703125
218.69253540039062
335.67041015625
409.63604736328125
263.7778015136719
28.875341415405273
0.06928780674934387
0.0
0.0
0.0
0.0
0.43802499771118164
37.707496643066406
187.42153930664062
233.923095703125
176.62149047851562
407.8815612792969
405.1555480957031
302.5438232421875
69.76129913330078
0.5831392407417297
0.0
0.0
0.0
0.0
0.2241246998310089
36.7966423034668
160.527587890625
320.8771667480469
392.08990478515625
363.3671569824219
276.1094055175781
255.2197265625
65.36004638671875
1.2594447135925293
0.0
0.0
0.0
0.0
0.0
13.704538345336914
124.49505615234375
293.6679992675781
248.67713928222656
102.10958862304688
58.17708206176758
82.35499572753906
17.68946075439453
0.0
0.0
0.0
0.0
0.0
0.0
0.0
14.102126121520996
47.66902542114258
42.03541564941406
5.5233283042907715
0.09177010506391525
5.003362655639648
0.3641372323036194
0.0
0.0
0.0
0.0
0.0
0.0
0.0
0.0
0.0
3.189103603363037
12.904212951660156
2.6748619079589844
0.0
0.0
0.0
0.0
0.0
0.0
0.0
0.0
0.0
0.0
135.85394287109375
544.965576171875
653.4251708984375
322.09405517578125
40.5797119140625
0.0
0.0
0.0
0.0
0.0
0.0
0.0
0.0
161.79299926757812
947.2376708984375
1797.4453125
1861.063720703125
1214.139404296875
402.30792236328125
17.85926628112793
0.0
0.0
0.0
0.0
0.0
0.0
35.74576950073242
720.5653076171875
1713.877197265625
1694.902587890625
1516.8211669921875
1553.60986328125
947.8270263671875
152.66876220703125
0.16693782806396484
0.0
0.0
0.0
0.0
1.9049502611160278
264.7398986816406
1281.466064453125
1549.2171630859375
691.070068359375
598.5286865234375
1404.274169921875
1252.6934814453125
324.66485595703125
4.338489532470703
0.0
0.0
0.0
0.0
22.900541305541992
675.1163940429688
1583.279052734375
1124.431884765625
204.93341064453125
327.05902099609375
1323.101318359375
1363.1824951171875
425.471923828125
11.008169174194336
0.0
0.0
0.0
0.0
36.327632904052734
756.4901123046875
1360.552001953125
800.6050415039062
99.40556335449219
336.0548400878906
1345.4608154296875
1296.586181640625
356.3372802734375
5.5376973152160645
0.0
0.0
0.0
0.0
13.67459487915039
299.83203125
445.8527526855469
396.656494140625
285.1809387207031
631.29248046875
1494.5570068359375
1231.2852783203125
284.8231201171875
1.5848854780197144
0.0
0.0
0.0
0.0
0.16454648971557617
36.47003936767578
507.5067138671875
1317.781005859375
1558.7288818359375
1673.7171630859375
1809.6531982421875
1058.0347900390625
176.08517456054688
0.443903386592865
0.0
0.0
0.0
0.0
0.8108246326446533
234.58045959472656
1169.5361328125
1664.1309814453125
1671.92822265625
2080.968994140625
1938.588623046875
886.2124633789062
88.30704498291016
0.013853993266820908
0.0
0.0
0.0
0.0
3.7736334800720215
494.484130859375
1316.425537109375
1145.7479248046875
1154.6763916015625
1996.206787109375
2069.81298828125
1120.4078369140625
199.94203186035156
0.6056201457977295
0.0
0.0
0.0
0.0
2.1045897006988525
408.7122802734375
1227.855224609375
1618.5166015625
1766.43798828125
1777.789306640625
1704.541015625
1155.53125
321.4619445800781
4.932273864746094
0.0
0.0
0.0
0.0
0.0
157.83590698242188
880.0733642578125
1607.374755859375
1409.4617919921875
668.4644165039062
553.83349609375
465.3450012207031
157.61105346679688
3.780093193054199
0.0
0.0
0.0
0.0
0.0
16.74217987060547
223.88192749023438
421.93731689453125
273.26483154296875
59.67585372924805
27.89506721496582
22.99119758605957
5.513615131378174
0.024310238659381866
0.0
0.0
0.0
0.0
0.0
0.0
0.0
0.0
19.6249942779541
175.6123046875
124.2983627319336
14.82422924041748
0.05586037039756775
0.0
0.0
0.0
0.0
0.0
0.0
0.0
0.0
109.27549743652344
749.9512329101562
1147.99365234375
862.90185546875
274.11566162109375
11.071794509887695
0.0
0.0
0.0
0.0
0.0
0.0
0.0
80.29243469238281
959.1982421875
2059.296875
2073.643798828125
1635.97412109375
942.0311279296875
137.306640625
0.223441481590271
0.0
0.0
0.0
0.0
0.0
1.7502622604370117
542.358154296875
1835.271240234375
1911.708984375
1306.43701171875
1531.18701171875
1513.644775390625
432.2196044921875
3.7306108474731445
0.0
0.0
0.0
0.0
0.0
132.2926483154297
1180.1324462890625
1921.6368408203125
898.9237060546875
353.2724304199219
1176.598388671875
1753.88134765625
689.3781127929688
17.201133728027344
0.0
0.0
0.0
0.0
10.003142356872559
399.3701171875
1569.656494140625
1635.717041015625
343.87030029296875
140.65948486328125
1070.31787109375
1835.275146484375
756.5680541992188
22.706451416015625
0.0
0.0
0.0
0.0
18.003490447998047
470.8242492675781
1246.2171630859375
979.479248046875
192.79869079589844
183.96243286132812
1162.7626953125
1810.6903076171875
637.0807495117188
8.692853927612305
0.0
0.0
0.0
0.0
4.830445289611816
142.66737365722656
335.0143737792969
502.594482421875
664.52685546875
815.1420288085938
1578.576171875
1775.574462890625
495.4276428222656
2.867577075958252
0.0
0.0
0.0
0.0
0.04477613791823387
0.0
420.7736511230469
1513.462890625
1854.65234375
1890.402587890625
2207.572265625
1585.28662109375
292.0816345214844
0.48525866866111755
0.0
0.0
0.0
0.0
0.2494751513004303
109.92112731933594
1019.8389892578125
1883.14990234375
1515.253173828125
2010.080078125
2403.42333984375
1501.47509765625
263.5554504394531
0.60246342420578
0.0
0.0
0.0
0.0
2.0619101524353027
268.4761047363281
1148.149658203125
1544.5191650390625
1249.511474609375
2107.664794921875
2339.467529296875
1681.0880126953125
492.7948303222656
5.020112991333008
0.0
0.0
0.0
0.0
0.768987238407135
212.016357421875
978.00244140625
1771.49365234375
2028.1741943359375
1880.8271484375
1547.135986328125
1326.7469482421875
510.5237731933594
12.30125904083252
0.0
0.0
0.0
0.0
0.0
69.8938217163086
600.0575561523438
1353.267578125
1421.6973876953125
705.6736450195312
380.9151916503906
441.2600402832031
172.21868896484375
4.732508182525635
0.0
0.0
0.0
0.0
0.0
5.129547595977783
112.12934112548828
313.4017333984375
268.3507385253906
54.578346252441406
13.033960342407227
24.384122848510742
4.013309478759766
0.0
0.0
0.0
0.0
0.0
0.0
0.0
0.0
0.0
0.0
0.3576889634132385
0.0
0.0
0.0
0.0
0.0
0.0
0.0
0.0
0.0
0.0
0.0
0.0
4.907650470733643
0.0
0.0
0.0
0.0
0.0
0.0
0.0
0.0
0.0
0.0
0.0
3.5706725120544434
6.903387069702148
0.0
0.0
0.0
0.0
0.0
0.0
0.0
0.0
0.0
0.0
0.0
4.370292663574219
8.303715705871582
0.0
0.0
0.0
0.0
0.0
0.0
0.0
0.0
0.0
0.0
0.0
0.6112974286079407
12.673762321472168
1.9784880876541138
0.0
0.0
15.996753692626953
13.799558639526367
0.0
0.0
0.0
0.0
0.0
0.0
0.0
4.014963150024414
31.741920471191406
0.44073712825775146
0.0
0.0
14.783138275146484
14.208030700683594
0.0
0.0
0.0
0.0
0.0
0.0
0.0
1.6113766431808472
40.05784606933594
10.858390808105469
0.0
0.0
12.389543533325195
6.5421528816223145
0.0
0.0
0.0
0.0
0.0
0.0
0.0
0.0
1.0082905292510986
0.8933916687965393
0.0
0.0
0.4814623296260834
0.0
0.0
0.0
0.0
0.0
0.0
0.0
0.0
0.0
4.843610763549805
9.125238418579102
11.803670883178711
0.0
0.0
0.0
0.0
0.0
0.0
0.0
0.0
0.0
0.0
0.2472965270280838
19.957399368286133
0.7641483545303345
0.0
0.0
0.0
0.0
0.0
0.0
0.0
0.0
0.0
0.0
0.0
0.39496859908103943
34.114356994628906
6.217278003692627
0.0
0.0
2.4142391681671143
0.0
0.0
0.0
0.0
0.0
0.0
0.0
0.0
0.0
18.90346908569336
40.88799285888672
0.0
0.0
0.0
0.0
0.0
0.0
0.0
0.0
0.0
0.0
0.0
0.0
0.15837883949279785
47.00198745727539
0.7917338013648987
0.0
0.0
1.2554969787597656
2.1993188858032227
0.0
0.0
0.0
0.0
0.0
0.0
0.0
0.0
0.9465718865394592
1.4569295644760132
0.0
0.0
0.5872038006782532
1.8385193347930908
0.0
0.0
0.0
0.0
0.0
0.0
0.0
0.0
0.019922930747270584
0.013946052640676498
0.0
0.0
0.0
0.0
0.0
0.0
0.0
0.0
0.0
0.0
0.0
0.013946052640676498
0.03984586149454117
0.0
0.0
0.0
0.0
0.0
0.0
0.0
0.0
0.0
0.0
0.0
0.0
0.007969172671437263
0.0
0.0
0.0
0.0
0.0
0.0
0.0
0.0
0.0
0.0
0.0
0.0
0.017930638045072556
0.0
0.0
0.0
0.0
0.0
0.0
0.0
0.0
0.0
0.0
0.0
0.0
0.0
0.0
0.0
0.0
0.0
0.0
0.0
0.0
0.0
0.0
0.0
0.0
0.0
0.0
0.0
0.0
0.0
0.0
0.0
0.0
0.0
0.0
0.0
0.0
0.0
0.0
0.0
0.0
0.0
0.0
0.0
0.0
0.0
0.0
0.0
0.0
0.0
0.0
0.0
0.0
0.0
0.0
0.0
0.0
0.0
0.0
0.0
0.0
0.0
0.0
0.0
0.0
0.0
0.0
0.0
0.0
0.0
0.007969172671437263
0.0
0.0
0.0
0.0
0.0
0.0
0.0
0.0
0.0
0.0
0.0
0.0
0.0
0.0
0.0
0.0
0.0
0.0
0.0
0.0
0.0
0.0
0.0
0.0
0.0
0.0
0.0
0.0
0.0
0.0
0.0
0.0
0.0
0.0
0.0
0.0
0.0
0.0
0.0
0.0
0.0
0.0
0.0
0.0
0.0
0.0
0.0
0.0
0.0
0.0
0.0
0.0
0.0
0.0
0.0
0.0
0.0
0.0
0.0
0.0
0.0
0.0
0.0
0.0
0.0
0.0
0.0
0.0
0.0
0.0
0.0
0.0
0.0
0.0
0.0
0.0
0.0
0.0
0.0
0.0
0.0
0.0
0.0
0.0
0.0
0.39179831743240356
8.280194282531738
15.565810203552246
95.83097076416016
103.26333618164062
18.117019653320312
0.08892122656106949
0.0
0.0
0.0
0.0
0.0
0.0
0.2742588222026825
7.634988784790039
0.7594565153121948
138.83114624023438
400.6402587890625
369.2683410644531
196.73245239257812
13.784808158874512
0.0
0.0
0.0
0.0
0.0
0.0
3.4939260482788086
1.388852596282959
29.213680267333984
263.2289733886719
309.9787902832031
360.8463439941406
372.548583984375
110.32421875
0.35568490624427795
0.0
0.0
0.0
0.0
0.3526184856891632
4.516326427459717
0.0
159.369873046875
310.5734558105469
9.170486450195312
118.89695739746094
441.0444030761719
222.81277465820312
3.97328519821167
0.0
0.0
0.0
0.0
0.8359249830245972
0.0
20.26279640197754
378.23358154296875
217.36245727539062
0.0
9.15868854522705
432.2730712890625
296.34234619140625
11.774574279785156
0.0
0.0
0.0
0.0
0.0
0.0
98.5335922241211
440.5247802734375
132.25723266601562
0.0
0.0
417.75439453125
288.70001220703125
7.661968231201172
0.0
0.0
0.0
0.0
0.0
0.0
58.76996612548828
219.26072692871094
55.35443115234375
11.696648597717285
5.438070297241211
444.44549560546875
254.3269805908203
2.4318878650665283
0.0
0.0
0.0
0.0
0.0
0.0
4.168264389038086
106.3818130493164
285.2838134765625
177.88758850097656
124.04952239990234
491.160400390625
182.57272338867188
0.8306835293769836
0.0
0.0
0.0
0.0
0.15671932697296143
3.351841688156128
0.0
163.96453857421875
341.5513000488281
231.25755310058594
338.1329345703125
479.41314697265625
106.22845458984375
0.06330875307321548
0.0
0.0
0.0
0.0
0.0
0.0
3.9646522998809814
282.39459228515625
59.696510314941406
83.8741683959961
443.6428527832031
493.1511535644531
155.8697052001953
0.72492915391922
0.0
0.0
0.0
0.0
0.0
0.0
40.724361419677734
366.7606201171875
113.17670440673828
196.04859924316406
331.9700927734375
464.13116455078125
231.77069091796875
4.6981072425842285
0.0
0.0
0.0
0.0
0.0
0.0
4.5063862800598145
195.15472412109375
265.7669677734375
208.49874877929688
25.01799964904785
224.42271423339844
147.01947021484375
5.085038661956787
0.0
0.0
0.0
0.0
0.0
0.0
0.0
10.727115631103516
117.14311218261719
78.92333984375
0.0
40.966007232666016
35.10258865356445
0.4121248126029968
0.0
0.0
0.0
0.0
0.0
0.0
0.0
0.0
21.62860679626465
17.53466796875
0.0
1.6396949291229248
2.8532896041870117
0.05648501589894295
0.0
0.0
