-638.6033325195312
-298.48779296875
2507.052978515625
3534.138916015625
332.7952575683594
-1640.4478759765625
-622.1654052734375
-957.2178955078125
-1598.197509765625
-841.384521484375
-693.7987060546875
1287.8350830078125
4573.701171875
2582.97998046875
-2210.21923828125
-1903.3009033203125
600.703369140625
-508.75762939453125
-1889.6904296875
-995.3710327148438
-84.54505920410156
3101.10302734375
4651.9765625
-179.39340209960938
-3463.401123046875
-117.12654876708984
2178.49609375
-655.03857421875
-2414.970458984375
-945.272216796875
1058.2420654296875
3738.621826171875
2412.373046875
-2494.916015625
-2401.4423828125
2286.515380859375
2985.4814453125
-1510.709716796875
-3138.504150390625
-801.051513671875
1476.03369140625
2312.65771484375
-136.490966796875
-2453.65966796875
-323.4707946777344
3480.458251953125
2551.81591796875
-2752.79345703125
-3636.475830078125
-550.5259399414062
841.6985473632812
866.4059448242188
79.33307647705078
-438.1465759277344
1012.8541870117188
3527.25
1455.745849609375
-3904.58544921875
-3612.339111328125
-259.865966796875
129.66287231445312
1110.624267578125
2115.11865234375
850.2911987304688
868.9019165039062
2886.0517578125
138.5780029296875
-4454.95458984375
-3147.71044921875
-161.2913055419922
-10.290306091308594
1856.0213623046875
2938.9755859375
859.78369140625
791.8936767578125
1945.1644287109375
-1158.424560546875
-3999.151611328125
-2378.484130859375
-207.7291259765625
486.1709899902344
2382.56640625
2830.79248046875
1429.0616455078125
1606.7291259765625
899.6610717773438
-1990.1307373046875
-2990.85009765625
-1545.6697998046875
-96.72860717773438
994.6443481445312
2477.19921875
2498.325927734375
1780.5323486328125
1406.9578857421875
-268.43896484375
-2036.0267333984375
-2123.691650390625
-897.2321166992188
224.86322021484375
333.4823913574219
1251.8743896484375
2194.424560546875
2342.24560546875
1575.748779296875
452.49920654296875
-174.5364227294922
-290.8641052246094
-280.025634765625
-198.74696350097656
692.3341064453125
1780.1396484375
2104.619140625
1059.6297607421875
-701.58544921875
-1429.02685546875
-1109.384033203125
-890.5397338867188
-839.5586547851562
-532.5526733398438
952.3870239257812
1836.6588134765625
1459.569580078125
-199.49208068847656
-1599.546142578125
-1015.1680908203125
-283.95184326171875
-768.0634765625
-1307.148193359375
-948.6653442382812
775.6297607421875
1106.631591796875
332.82598876953125
-1052.206298828125
-1170.18701171875
374.5115051269531
825.978515625
-410.656005859375
-1535.4296875
-1230.138671875
393.9692077636719
430.99505615234375
-11.723259925842285
-392.8177490234375
559.6299438476562
1822.122802734375
1428.8875732421875
-349.3197021484375
-1691.3284912109375
-1305.79638671875
364.23651123046875
794.3952026367188
1089.4632568359375
1484.14599609375
2342.41259765625
2463.966064453125
1260.1533203125
-757.5348510742188
-1849.5413818359375
-1197.235595703125
584.8765869140625
1462.8890380859375
2017.815673828125
2195.689453125
2092.224365234375
1582.3829345703125
429.9419250488281
-1301.9462890625
-1858.840576171875
-999.2501831054688
693.5162353515625
1611.5645751953125
1959.6744384765625
1562.5621337890625
798.78662109375
279.8433837890625
-650.986083984375
-1822.4068603515625
-1754.927001953125
-838.4209594726562
595.84375
1279.501953125
1564.153076171875
1089.183349609375
198.26016235351562
-679.5657958984375
-1881.7642822265625
-2536.181396484375
-1956.38037109375
-894.0286254882812
360.4093322753906
643.9447631835938
662.8749389648438
-68.56011199951172
-1116.515380859375
-2143.996826171875
-2944.530029296875
-2965.973876953125
-2145.597900390625
-978.013671875
-65.312744140625
303.2335510253906
1333.23291015625
1398.4456787109375
636.408447265625
1132.1617431640625
2598.176025390625
1927.3548583984375
-196.69989013671875
-1043.2296142578125
-60.49152374267578
534.5511474609375
1214.6663818359375
372.1228332519531
-822.7681274414062
37.91154861450195
2569.661376953125
2640.325439453125
449.1534729003906
-935.5165405273438
-116.25931549072266
403.4964904785156
805.5538330078125
-14.69111156463623
-1342.890869140625
-922.436279296875
1627.213134765625
2219.628173828125
548.9385375976562
-749.122802734375
-468.5995178222656
-443.41644287109375
223.40338134765625
498.867431640625
-438.922119140625
-733.48583984375
981.1249389648438
1472.7158203125
225.0028533935547
-690.0772094726562
-845.3236083984375
-1068.056884765625
324.99163818359375
1595.81640625
840.896240234375
-138.21820068359375
481.19403076171875
575.3599243164062
-270.5096130371094
-657.671875
-779.4995727539062
-672.6100463867188
995.871337890625
1935.3018798828125
1305.64501953125
702.804931640625
875.6605224609375
243.3914031982422
-632.6124877929688
-657.5167236328125
-480.2723388671875
-122.88607025146484
926.6401977539062
1129.1016845703125
1134.2110595703125
1568.0074462890625
1954.0499267578125
667.232421875
-711.4696655273438
-835.1546020507812
-301.6302490234375
-1.3034909963607788
838.3324584960938
1191.568359375
1027.068115234375
1071.1556396484375
1859.176025390625
1191.3328857421875
-240.14556884765625
-787.1397094726562
-492.7888488769531
-516.6106567382812
535.759033203125
1193.9293212890625
263.4591369628906
-415.38360595703125
759.1959228515625
1381.68701171875
616.5590209960938
-187.10702514648438
-705.228271484375
-1167.5936279296875
-517.0992431640625
102.78530883789062
-399.68206787109375
-830.328857421875
-54.83921813964844
818.0664672851562
795.5170288085938
271.32305908203125
-12.829408645629883
151.30184936523438
857.6571044921875
2280.8056640625
3611.6416015625
3698.092041015625
2776.449951171875
1625.14208984375
582.4489135742188
69.56116485595703
55.727210998535156
422.73114013671875
1319.186767578125
2502.6123046875
2818.22021484375
2493.655517578125
2637.90625
2307.91259765625
1124.06787109375
195.02003479003906
221.1694793701172
698.9176025390625
1572.106201171875
1973.5159912109375
1093.9541015625
686.2102661132812
1961.0997314453125
2568.421630859375
1500.2073974609375
303.61419677734375
323.9535217285156
836.7852172851562
1708.3355712890625
1653.299072265625
304.5014953613281
-23.30196189880371
1551.27978515625
2555.051513671875
1592.827392578125
319.9484558105469
-17.849658966064453
153.0691680908203
857.6016235351562
903.5320434570312
209.8572235107422
222.75973510742188
1645.527099609375
2532.51171875
1486.762939453125
250.566162109375
-415.6997375488281
-435.5076599121094
433.49566650390625
1366.5301513671875
1651.85107421875
1587.547607421875
2298.927978515625
2510.83056640625
1222.4544677734375
163.9957275390625
-283.20135498046875
-43.33905029296875
1163.3056640625
2684.6455078125
3173.02001953125
2840.475830078125
3045.099853515625
2450.706787109375
923.7439575195312
107.76510620117188
110.29248046875
510.3046569824219
1562.973388671875
2589.19091796875
2847.093017578125
3151.1796875
3652.554931640625
2609.111328125
938.2415161132812
113.7177734375
172.4090118408203
515.8580322265625
1510.6151123046875
2274.71044921875
2550.948486328125
3231.933837890625
3715.6455078125
2743.37939453125
1170.77490234375
177.08816528320312
-28.482868194580078
267.54681396484375
1499.3670654296875
2474.5263671875
2475.068603515625
2249.777587890625
2247.603515625
1915.485107421875
950.5628662109375
174.8316650390625
12.610151290893555
714.9228515625
2319.343994140625
3294.378173828125
3023.56787109375
3042.038330078125
3446.48095703125
2758.458740234375
1201.942138671875
102.9321517944336
193.08079528808594
1294.8995361328125
2353.365478515625
1542.7142333984375
-108.71615600585938
120.76934814453125
1604.68017578125
2118.063720703125
1263.148193359375
282.1842346191406
420.5770263671875
1604.9951171875
1994.1834716796875
727.8157958984375
-600.4782104492188
-23.456348419189453
1403.1817626953125
1848.668701171875
1072.5279541015625
296.2235412597656
344.6758728027344
983.0023193359375
969.819091796875
514.11376953125
336.2508850097656
864.8058471679688
1557.53515625
1533.188720703125
737.127197265625
172.33001708984375
-236.3374786376953
-470.3436584472656
-376.1446838378906
413.3108825683594
1177.600341796875
1686.2528076171875
1835.047119140625
1277.0706787109375
488.6715087890625
148.04443359375
-368.8763427734375
-309.9961242675781
904.4154052734375
2591.1513671875
3666.18115234375
4076.829345703125
3350.455810546875
1644.8704833984375
438.5531311035156
53.2467041015625
115.1966323852539
1009.5634765625
2474.0009765625
3415.824951171875
3907.636474609375
4199.8505859375
3352.265625
1720.401611328125
487.24359130859375
-83.51020812988281
259.5516662597656
1111.079833984375
1748.1363525390625
1865.5006103515625
2074.58642578125
2438.542236328125
2468.4375
2137.544189453125
1197.6302490234375
282.42547607421875
50.00690841674805
603.3167724609375
1410.0260009765625
2219.570556640625
2503.072998046875
2160.64794921875
1932.5313720703125
1862.8309326171875
1295.2353515625
561.6779174804688
-165.0486297607422
-19.184818267822266
669.0888671875
1403.577392578125
1126.75634765625
157.64967346191406
-398.87066650390625
-298.7358093261719
8.65533447265625
118.89331817626953
-326.1563720703125
-21.93826675415039
2145.810302734375
4382.0927734375
3929.934814453125
1587.2315673828125
-102.87299346923828
-459.2054138183594
-290.288330078125
-8.966731071472168
-208.3810272216797
1352.476318359375
3775.11328125
3276.515380859375
-505.2860412597656
-3103.31884765625
-2802.890380859375
-1746.4014892578125
-1179.9427490234375
-498.32318115234375
470.0207214355469
2523.896728515625
2786.84130859375
-918.4067993164062
-4801.5751953125
-4644.09375
-2461.0771484375
-1691.37841796875
-1848.76611328125
-1116.37451171875
1343.9398193359375
2485.019287109375
364.6062316894531
-3660.194091796875
-4858.4453125
-2439.789306640625
-671.3848266601562
-1386.9959716796875
-2341.779052734375
-1593.558837890625
1211.548095703125
417.2654724121094
-2685.185302734375
-4659.8408203125
-3060.44580078125
94.1360092163086
526.378662109375
-1451.328369140625
-2684.576416015625
-1786.7784423828125
-31.519033432006836
-1615.168212890625
-2871.669677734375
-1840.095458984375
799.6529541015625
2549.09521484375
961.089599609375
-1880.827880859375
-2935.864990234375
-1698.6591796875
-532.358642578125
-412.61505126953125
952.1700439453125
2376.356689453125
2910.310302734375
2150.715087890625
-581.4126586914062
-3035.129638671875
-3151.452392578125
-1444.7364501953125
272.1888732910156
1721.286376953125
2449.415283203125
1314.8773193359375
53.690582275390625
-922.7379150390625
-2738.098876953125
-3866.968505859375
-2958.515869140625
-1096.14306640625
869.8089599609375
1589.8177490234375
709.547119140625
-592.2102661132812
-973.06005859375
-1649.7589111328125
-3355.4619140625
-4073.371337890625
-2889.4853515625
-1143.6441650390625
770.8170166015625
887.7045288085938
378.2667236328125
76.13105010986328
-1121.5941162109375
-3419.063232421875
-5241.07666015625
-5113.94287109375
-3458.4921875
-1533.3531494140625
-153.8294677734375
-61.6948356628418
715.7755737304688
1617.6156005859375
1865.5955810546875
1732.2520751953125
1701.8226318359375
1250.75
519.029052734375
47.113670349121094
-109.29685974121094
174.68572998046875
653.4733276367188
509.74896240234375
84.4599609375
291.218994140625
981.4774169921875
1119.3277587890625
716.9519653320312
246.29420471191406
130.2368927001953
357.0332336425781
180.29808044433594
-584.1246337890625
-1275.359375
-1135.6787109375
-279.4165344238281
495.63714599609375
605.9852294921875
346.7208251953125
383.37310791015625
408.2056884765625
-128.2395477294922
-659.3123779296875
-972.0690307617188
-1031.529052734375
-668.6358032226562
33.60029983520508
349.1427307128906
319.50640869140625
-151.90834045410156
-746.269287109375
-1295.8187255859375
-1176.644775390625
-865.242431640625
-850.6712036132812
-670.5796508789062
-219.87315368652344
111.49557495117188
265.2338562011719
-704.38623046875
-1401.1708984375
-1237.53759765625
-427.3360900878906
59.279884338378906
-7.540299415588379
-24.774993896484375
-39.07758712768555
89.8271255493164
222.19081115722656
-346.57708740234375
-389.5326843261719
247.2936248779297
946.21240234375
1232.4222412109375
963.3920288085938
511.40234375
144.78897094726562
140.3096160888672
118.98717498779297
112.87931823730469
125.2912368774414
4.6444525718688965
113.91616821289062
515.8343505859375
609.065185546875
388.5610656738281
392.76904296875
405.4056091308594
169.4375457763672
135.67221069335938
27.318038940429688
-235.0924835205078
-161.19793701171875
101.03936767578125
272.9362487792969
514.6257934570312
905.0038452148438
826.6132202148438
428.228759765625
-42.470638275146484
-9.7697172164917
284.16094970703125
461.4347839355469
119.944091796875
-284.6301574707031
-135.6405792236328
330.7992858886719
506.2845458984375
382.5836181640625
-34.094970703125
-96.42581939697266
-111.97419738769531
76.64642333984375
880.9579467773438
2141.0947265625
3040.7744140625
2693.617919921875
1436.771240234375
297.09759521484375
-155.3498077392578
-522.12744140625
-800.0619506835938
-1069.12451171875
-1005.2412109375
-187.76866149902344
1664.747314453125
2793.086669921875
2240.293701171875
766.1649169921875
-454.797607421875
-882.8215942382812
-934.2695922851562
-975.2269897460938
-1416.3809814453125
-1738.98828125
-332.04998779296875
1671.648193359375
2350.138427734375
1130.2587890625
-898.4480590820312
-1371.9207763671875
-1037.484619140625
-258.3216552734375
-427.85321044921875
-1552.63330078125
-1177.881103515625
745.7965698242188
2067.548828125
1213.992431640625
-1283.2003173828125
-2017.3660888671875
-1518.3016357421875
52.01370620727539
459.1155090332031
-695.5354614257812
-957.50927734375
538.2505493164062
1815.4293212890625
1106.2723388671875
-985.2971801757812
-1729.87841796875
-1265.211669921875
438.11785888671875
1310.636962890625
503.44781494140625
-6.219905376434326
888.167724609375
1680.14501953125
939.8086547851562
-393.6227111816406
-998.2064819335938
-863.5584106445312
183.12026977539062
1145.796142578125
1103.7884521484375
1165.8568115234375
1666.64453125
1715.941650390625
786.6365966796875
-466.6482849121094
-1059.8128662109375
-1220.0391845703125
-934.5310668945312
-315.399169921875
397.0390930175781
1691.7884521484375
2472.9970703125
2051.3935546875
750.5304565429688
-835.2384643554688
-1404.2738037109375
-1443.156494140625
-1210.0150146484375
-1036.361083984375
-763.7403564453125
796.4903564453125
2366.875
2291.66064453125
905.5494995117188
-979.5382690429688
-1932.0106201171875
-2188.151611328125
-1439.4781494140625
-1161.9466552734375
-1624.279296875
-839.2854614257812
968.487548828125
1681.7930908203125
910.25927734375
-9.090203285217285
-178.82305908203125
-415.194580078125
-893.1738891601562
-1816.6357421875
-2001.0511474609375
-1170.4986572265625
-483.064697265625
-451.04229736328125
-385.4432067871094
-149.52914428710938
-247.85101318359375
-142.7012481689453
-605.3681030273438
-1119.632080078125
-503.4668884277344
573.0481567382812
702.9977416992188
83.0998764038086
-348.4872131347656
-320.96319580078125
-142.24497985839844
12.770940780639648
-266.1982727050781
47.06783676147461
997.8034057617188
1418.008544921875
1066.516845703125
493.0802001953125
-45.0415153503418
-316.8087463378906
-184.93075561523438
-358.45379638671875
-132.0264434814453
907.47216796875
1387.0198974609375
966.396240234375
603.93994140625
577.60986328125
292.50360107421875
109.77395629882812
208.6610565185547
214.3919219970703
1134.7210693359375
2031.2783203125
1522.7647705078125
372.0504150390625
88.814453125
492.27276611328125
482.208740234375
483.4062805175781
432.689453125
456.701904296875
1020.977294921875
1010.5382080078125
191.84791564941406
-685.7171020507812
-479.1621398925781
380.6043701171875
579.3563842773438
148.854736328125
-178.03170776367188
-361.2813720703125
-598.2300415039062
-841.034912109375
-799.2125244140625
-806.8034057617188
-310.42431640625
527.5171508789062
621.2347412109375
-276.1470642089844
-310.02691650390625
-288.98956298828125
-488.5671691894531
-197.11227416992188
51.41654586791992
-43.68101119995117
163.4662628173828
553.3646850585938
365.3653259277344
-192.5695037841797
-103.06050872802734
-287.5935363769531
-217.90638732910156
146.0234832763672
-233.59764099121094
-322.63525390625
271.76373291015625
563.0552978515625
161.00558471679688
48.570255279541016
-216.14549255371094
-668.9558715820312
-320.8958435058594
0.5617957711219788
-178.7446746826172
238.4680633544922
1152.860595703125
1263.1617431640625
579.5991821289062
-488.5128173828125
-1392.7392578125
-1253.656005859375
370.9625244140625
1699.144287109375
1567.335205078125
913.3263549804688
515.5223999023438
205.047119140625
-83.7204360961914
-827.4218139648438
-943.3927612304688
705.9052734375
2649.525146484375
2385.93701171875
447.2059326171875
-484.4576721191406
-45.67674255371094
242.63392639160156
-6.094756603240967
-662.7600708007812
146.37820434570312
1725.949951171875
2027.2635498046875
327.32855224609375
-1364.615966796875
-1267.3228759765625
-181.7145538330078
258.6678771972656
9.053611755371094
250.49766540527344
1382.220947265625
1767.9766845703125
662.7765502929688
-894.2838745117188
-1365.500244140625
-828.1552124023438
-112.30290222167969
125.34445190429688
-77.60614776611328
1077.9505615234375
1338.0614013671875
-33.08940887451172
-1824.3125
-2348.51708984375
-1547.8857421875
-643.1069946289062
-217.84718322753906
-107.16791534423828
-181.51492309570312
494.96136474609375
-677.1749267578125
-2572.7509765625
-3247.982421875
-2016.9931640625
-303.402587890625
411.4337158203125
131.5992889404297
-201.94049072265625
-252.25132751464844
-521.0255126953125
-1385.399658203125
-1425.1898193359375
-455.1655578613281
843.4949951171875
1448.185791015625
994.1901245117188
22.208999633789062
-467.0696716308594
-408.4077453613281
-442.8668212890625
-82.65365600585938
707.3223266601562
954.8349609375
711.4737548828125
348.1662902832031
42.878135681152344
-282.3116455078125
-325.2044677734375
-224.67579650878906
205.39056396484375
534.9463500976562
355.64703369140625
243.1212615966797
657.0318603515625
1009.6730346679688
860.3558349609375
510.5838623046875
370.2266845703125
179.12060546875
608.3247680664062
792.1078491210938
835.0531005859375
1822.9007568359375
2961.87353515625
2593.388427734375
1082.4222412109375
119.08004760742188
27.220914840698242
2.8386173248291016
130.99034118652344
-323.4997253417969
-1243.7127685546875
-949.442138671875
413.9860534667969
550.2924194335938
37.124969482421875
365.63714599609375
252.24937438964844
-181.38584899902344
17.133399963378906
-897.7639770507812
-1492.920166015625
152.72926330566406
1488.8150634765625
326.2703552246094
-539.731689453125
345.2668762207031
403.521728515625
-295.6438293457031
-233.9540557861328
-1311.1297607421875
-971.9217529296875
1399.302978515625
1729.393798828125
-250.39251708984375
-548.9273681640625
906.3589477539062
713.173583984375
-415.1147155761719
-497.8473205566406
-1161.7554931640625
58.646907806396484
1862.5955810546875
862.7710571289062
-1177.710205078125
-579.2937622070312
1468.2066650390625
1010.919189453125
-526.1527709960938
-469.4718322753906
-544.1425170898438
571.4915771484375
1088.4835205078125
-415.88726806640625
-1785.1937255859375
-373.7633972167969
1884.68994140625
1087.948486328125
-595.28076171875
-255.47979736328125
-213.225341796875
230.53810119628906
322.60101318359375
-627.1889038085938
-1324.3779296875
379.8916320800781
2224.83203125
904.053955078125
-688.2775268554688
-181.8085479736328
-561.487548828125
-546.1455688476562
197.56649780273438
-263.4830322265625
-965.1310424804688
729.6024169921875
2048.65869140625
524.211181640625
-735.5484619140625
-161.66835021972656
-852.1813354492188
-775.9449462890625
309.6654357910156
-163.47474670410156
-667.7672729492188
941.650634765625
1693.9451904296875
351.10845947265625
-576.5263671875
-248.5146484375
-893.7421264648438
-572.2514038085938
347.2642822265625
246.05311584472656
501.1714172363281
1505.9951171875
1353.3302001953125
203.4474639892578
-470.67938232421875
-340.1436462402344
-723.4234619140625
-331.9206848144531
302.6095275878906
629.1985473632812
1068.54833984375
1302.6453857421875
817.0121459960938
-52.65530014038086
-530.6809692382812
650.1485595703125
1990.5556640625
1885.512939453125
-866.8238525390625
-2722.451904296875
-2012.7867431640625
-1853.69091796875
-1946.0889892578125
-782.2578735351562
205.9364776611328
1370.0302734375
2560.276611328125
521.94140625
-3063.125244140625
-2409.25927734375
165.7650909423828
-1054.308349609375
-2466.3232421875
-994.28759765625
476.8042297363281
2010.3096923828125
2347.982421875
-1450.2822265625
-4194.0322265625
-651.217529296875
2329.066650390625
-1015.4201049804688
-3472.931884765625
-1201.023193359375
874.959716796875
2085.75390625
1461.46435546875
-2564.557861328125
-3208.32421875
1565.993408203125
3241.623779296875
-1835.3516845703125
-4623.9267578125
-1360.45947265625
1230.47607421875
1724.651123046875
876.8015747070312
-1802.3292236328125
-1329.658447265625
2080.78564453125
2004.821533203125
-3360.692626953125
-5287.43115234375
-1143.9747314453125
1469.0447998046875
1378.402099609375
1171.9627685546875
-417.1689147949219
-636.9309692382812
994.742919921875
136.28900146484375
-4662.17919921875
-5147.85009765625
-519.5646362304688
1542.02978515625
1441.44921875
1890.3309326171875
213.98605346679688
-944.1386108398438
218.98887634277344
-976.0708618164062
-5279.6943359375
-4495.5087890625
-18.753971099853516
1388.5908203125
1658.5601806640625
2323.8251953125
207.312255859375
-1233.565673828125
-378.99468994140625
-1956.10888671875
-5084.55810546875
-3434.00341796875
245.1728057861328
1184.2078857421875
1755.888916015625
2340.413330078125
63.15971374511719
-1398.58544921875
-1172.556884765625
-2455.677490234375
-3769.651611328125
-1962.200927734375
623.5377807617188
1141.3818359375
1535.742431640625
1860.096923828125
-74.83782958984375
-1353.4276123046875
-1346.5640869140625
-1662.815185546875
-1946.7447509765625
-772.1038818359375
940.1517944335938
1135.3555908203125
106.89107513427734
530.5758666992188
833.1932373046875
465.58160400390625
-336.97528076171875
-895.3704223632812
-1072.9310302734375
-539.1270141601562
-63.31532287597656
34.24071502685547
243.48153686523438
508.8493347167969
89.38330078125
-1031.6651611328125
-1756.1094970703125
-1591.422607421875
-1027.5487060546875
-475.3577575683594
-176.35049438476562
-109.79743194580078
261.09088134765625
218.65692138671875
-476.5504150390625
-1120.78662109375
-904.8201293945312
40.41492462158203
570.137451171875
320.5184326171875
38.56069564819336
-97.00447845458984
48.610103607177734
-270.0001220703125
-851.2800903320312
-810.569091796875
72.42139434814453
1028.663330078125
925.3169555664062
296.2477111816406
122.9119873046875
33.188720703125
-346.1206970214844
-639.3195190429688
-695.4297485351562
-62.56984329223633
1004.288330078125
1488.640869140625
776.8976440429688
100.48121643066406
142.2884521484375
173.60275268554688
-213.58082580566406
71.42269897460938
707.2410278320312
1471.1226806640625
1911.4658203125
1514.7435302734375
429.447265625
-57.55315399169922
120.86664581298828
230.8581085205078
270.4137268066406
796.6328735351562
1081.9346923828125
1035.686767578125
593.753662109375
-250.51219177246094
-789.6544189453125
-434.8332214355469
170.99900817871094
350.9420471191406
209.82838439941406
197.5111083984375
-282.2720947265625
-625.1004028320312
-737.9561157226562
-928.1710205078125
-820.23291015625
-312.73602294921875
347.64837646484375
460.44610595703125
-43.63915252685547
-142.01976013183594
-357.01361083984375
-374.4085388183594
-136.38497924804688
-114.33351135253906
-397.8861083984375
-498.1763610839844
-20.605297088623047
123.0683822631836
-159.01177978515625
-158.63497924804688
-284.5664367675781
-712.3110961914062
-1059.49560546875
-1212.636474609375
-1182.7880859375
-722.9518432617188
-196.16885375976562
-86.60611724853516
166.20069885253906
226.45455932617188
126.2530517578125
-260.65814208984375
-637.6969604492188
-690.47802734375
-314.6418762207031
-112.72418975830078
-108.63351440429688
-89.28424072265625
134.8148651123047
-87.6475830078125
-650.9185180664062
-1424.77099609375
-1673.68310546875
-727.5343017578125
598.9485473632812
622.9594116210938
59.881141662597656
-165.68943786621094
-110.90282440185547
-660.648681640625
-1206.1822509765625
-1335.8358154296875
-890.208251953125
319.4621276855469
1538.1519775390625
1392.1348876953125
478.9372863769531
-76.80880737304688
-675.3160400390625
-1367.18115234375
-1264.4119873046875
-443.76708984375
139.29005432128906
391.1739501953125
967.0687255859375
1241.580322265625
740.6798095703125
139.76287841796875
-1013.548095703125
-1372.951171875
-277.8487854003906
1102.1424560546875
1220.783203125
279.7306213378906
389.0224304199219
925.4083251953125
798.4692993164062
339.8760070800781
-752.260986328125
-655.9268798828125
857.4553833007812
2064.32275390625
1439.9954833984375
-137.1642608642578
-29.25612449645996
676.0071411132812
755.619873046875
407.1549987792969
-316.1885681152344
-220.26419067382812
517.3218994140625
789.4978637695312
-137.33958435058594
-1144.003662109375
-415.92669677734375
552.6298217773438
838.9987182617188
457.73675537109375
-205.7137908935547
-466.9683837890625
-575.9012451171875
-742.0833129882812
-939.2425537109375
-676.4513549804688
269.586669921875
890.0863647460938
940.3339233398438
417.8576965332031
-527.9466552734375
-1037.403564453125
-1032.781982421875
-894.5595092773438
-734.7135620117188
-212.92575073242188
587.8133544921875
925.8173217773438
620.3195190429688
134.50430297851562
-839.2116088867188
-1473.0318603515625
-1191.7623291015625
-1086.1505126953125
-1412.8251953125
-1195.30322265625
147.4067840576172
1052.5892333984375
690.4012451171875
135.3632354736328
171.78665161132812
301.6358337402344
320.042236328125
797.1712646484375
1903.5484619140625
3032.165283203125
3149.306640625
1426.96826171875
-721.6459350585938
-1205.4910888671875
245.67596435546875
339.406982421875
677.5547485351562
1854.096923828125
3203.819580078125
4506.68408203125
5032.98046875
3398.805419921875
588.1953735351562
-862.9345703125
208.71023559570312
399.1374206542969
1286.6226806640625
2233.651611328125
2101.62109375
2271.390869140625
3257.570068359375
3048.763916015625
1176.0257568359375
-337.7043151855469
12.445219039916992
626.3645629882812
2313.967041015625
2866.373779296875
1318.5672607421875
387.37066650390625
1490.21044921875
2215.4384765625
1104.1273193359375
-56.57931900024414
-84.37864685058594
943.0498657226562
2763.0234375
2789.479736328125
673.6222534179688
-795.0089111328125
269.4626770019531
1361.802734375
713.2470092773438
19.07941246032715
-199.9023895263672
477.0474548339844
1368.475341796875
1188.5465087890625
-44.26325988769531
-660.8589477539062
473.8586120605469
1011.48486328125
314.85260009765625
-45.83053207397461
-212.66233825683594
4.229169845581055
546.64892578125
1215.7486572265625
1526.9171142578125
2076.544189453125
2726.96826171875
1600.9620361328125
31.606271743774414
-380.3341979980469
64.74182891845703
496.5487060546875
1745.353271484375
2954.6513671875
3239.893798828125
3763.628173828125
4202.3408203125
2526.51123046875
296.14996337890625
-586.78271484375
55.28498077392578
628.094482421875
2107.75341796875
2844.043701171875
2494.2412109375
3053.575439453125
4291.55517578125
3817.78759765625
1748.432373046875
149.09542846679688
-186.33396911621094
331.6096496582031
1850.1929931640625
2915.48974609375
3336.113525390625
3865.388671875
4524.22607421875
4269.1513671875
2682.555419921875
981.779296875
-306.7904968261719
-930.9495849609375
-1443.26953125
-1401.7220458984375
-838.1007690429688
296.0022888183594
1222.549560546875
720.383056640625
-114.87377166748047
-198.06101989746094
-715.1182250976562
-1687.840087890625
-1785.358642578125
-909.1642456054688
-90.84444427490234
944.0183715820312
2002.804931640625
1435.8817138671875
138.3262939453125
-199.28656005859375
-1320.7989501953125
-2161.837890625
-801.8546752929688
1049.667236328125
1038.314453125
899.7799682617188
2080.306884765625
2011.94384765625
487.318115234375
-158.98793029785156
-1811.1148681640625
-1852.455078125
902.6727905273438
2529.78564453125
720.1767578125
-434.8596496582031
1594.2591552734375
2448.648681640625
855.9046020507812
-89.67286682128906
-1796.3814697265625
-1061.5364990234375
1805.99609375
2330.64990234375
-482.3740539550781
-1611.03955078125
1187.59716796875
2535.006591796875
1039.0428466796875
-26.04766273498535
-1258.33251953125
-361.90240478515625
1515.0087890625
1114.7630615234375
-1394.9722900390625
-1625.6123046875
1420.20556640625
2503.14892578125
1009.7548828125
-12.59133529663086
-849.7429809570312
-663.9151611328125
60.47986602783203
-445.98724365234375
-1711.440185546875
-607.3885498046875
2286.726318359375
2577.27783203125
820.9851684570312
-118.56068420410156
-1108.145263671875
-1790.954345703125
-1183.307373046875
-882.4506225585938
-1083.8612060546875
576.7149658203125
2974.853759765625
2633.688232421875
646.9994506835938
-225.5224151611328
-1543.380859375
-2135.862548828125
-665.0270385742188
240.5938720703125
102.27607727050781
1356.03466796875
3196.822021484375
2654.241943359375
700.4166259765625
-112.11156463623047
-1508.576171875
-1707.27734375
-183.82960510253906
547.9716796875
603.2986450195312
1736.767822265625
3180.67138671875
2568.449951171875
840.9613647460938
43.162357330322266
