0.0
0.0
0.0
0.0
0.0
0.0
0.0
0.0
0.0
0.0
-1.4017410278320312
-9.509821891784668
-25.028905868530273
-16.08768653869629
-1.686218500137329
21.430105209350586
12.397327423095703
2.9688901901245117
0.22143691778182983
0.0
0.0
0.0
0.0
0.0
0.0
0.0
0.0
0.0
0.0
0.0
0.0
0.0
0.0
0.0
0.0
0.0
0.0
-2.0024871826171875
-18.878511428833008
-47.67195129394531
-65.31399536132812
-40.124019622802734
21.289016723632812
53.690372467041016
52.52715301513672
33.27394104003906
10.848983764648438
1.1253807544708252
0.02767961472272873
0.0
0.0
0.0
0.0
0.0
0.0
0.0
0.0
0.0
0.0
0.0
0.0
0.0
0.0
0.0
-4.004974365234375
-25.81113624572754
-54.23800277709961
-69.74269104003906
-28.946453094482422
55.9117431640625
101.96382141113281
119.62963104248047
115.3470687866211
83.70955657958984
50.31181335449219
11.003352165222168
0.6644883155822754
0.0
0.0
0.0
0.0
0.0
0.0
0.0
0.0
0.0
0.0
0.0
0.0
0.0
0.0
-1.4017410278320312
-19.978065490722656
-55.226776123046875
-67.64785766601562
-3.3294296264648438
141.16603088378906
220.8863983154297
254.18707275390625
248.65701293945312
214.87521362304688
167.6373291015625
104.13107299804688
40.891231536865234
5.440540790557861
0.1937572956085205
0.0
0.0
0.0
0.0
0.0
0.0
0.0
0.0
0.0
0.0
0.0
0.0
0.0
-9.441061019897461
-46.939231872558594
-63.71704864501953
5.1163330078125
181.35260009765625
337.58306884765625
410.1799621582031
401.3634033203125
325.9703063964844
266.63482666015625
244.2664337158203
169.93580627441406
93.18273162841797
23.813199996948242
1.6620196104049683
0.0
0.0
0.0
0.0
0.0
0.0
0.0
0.0
0.0
0.0
0.0
0.0
-0.800994873046875
-24.831296920776367
-55.5068359375
-8.817237854003906
152.9323272705078
326.9010925292969
450.493896484375
487.8052673339844
412.64337158203125
333.087890625
280.857177734375
274.54534912109375
239.06149291992188
142.1144256591797
58.289222717285156
7.296440601348877
0.11071845889091492
0.0
0.0
0.0
0.0
0.0
0.0
0.0
0.0
0.0
0.0
0.0
-6.939667701721191
-39.53562545776367
-33.112693786621094
84.12295532226562
268.6276550292969
423.9366149902344
486.4026184082031
386.21246337890625
282.856689453125
232.86270141601562
243.95249938964844
296.73516845703125
303.1107482910156
201.07176208496094
90.80307006835938
16.17479133605957
0.3605451285839081
0.0
0.0
0.0
0.0
0.0
0.0
0.0
0.0
0.0
0.0
-1.8022384643554688
-29.403934478759766
-51.10690689086914
17.954383850097656
190.6275634765625
367.9309997558594
463.5585021972656
350.4552001953125
218.73544311523438
160.57763671875
118.56055450439453
196.34982299804688
276.43145751953125
334.7479248046875
252.90536499023438
125.47297668457031
30.769611358642578
1.4746899604797363
0.0
0.0
0.0
0.0
0.0
0.0
0.0
0.0
0.0
0.0
-6.703184127807617
-46.120357513427734
-32.67478561401367
81.20635223388672
283.6965026855469
413.4645690917969
394.33941650390625
239.30662536621094
113.60446166992188
50.88078308105469
41.66546630859375
143.393798828125
269.5852355957031
351.60333251953125
297.8464050292969
148.93115234375
34.45758056640625
2.764465570449829
0.0
0.0
0.0
0.0
0.0
0.0
0.0
0.0
0.0
0.0
-8.617372512817383
-42.51203536987305
17.57898712158203
155.97433471679688
347.19732666015625
402.0002136230469
313.7146911621094
155.61488342285156
37.77492904663086
-1.5033421516418457
15.855903625488281
105.14566802978516
236.84446716308594
370.5819091796875
328.7781677246094
181.49542236328125
41.72142791748047
4.86771297454834
0.0
0.0
0.0
0.0
0.0
0.0
0.0
0.0
0.0
0.0
-6.64910364151001
-8.403079986572266
72.58541107177734
196.77682495117188
357.0240783691406
380.2072448730469
266.4586181640625
96.88829803466797
-0.1840752363204956
-11.137995719909668
8.57607650756836
96.68316650390625
247.45050048828125
389.78680419921875
343.7180480957031
186.24990844726562
38.26398468017578
4.044336318969727
0.0
0.0
0.0
0.0
0.0
0.0
0.0
0.0
0.0
0.0
2.631096839904785
21.164871215820312
107.23458862304688
245.60963439941406
386.3647155761719
360.8945007324219
209.40603637695312
49.294673919677734
-2.505500078201294
-10.789093971252441
2.8405723571777344
89.24357604980469
246.384521484375
402.91534423828125
345.1994934082031
187.90264892578125
31.682470321655273
1.1603981256484985
0.0
0.0
0.0
0.0
0.0
0.0
0.0
0.0
0.0
0.0
7.073760032653809
52.29218673706055
148.90057373046875
272.806396484375
358.69073486328125
279.70367431640625
153.93637084960938
24.94827651977539
-0.4520587623119354
-19.34374237060547
-2.158733367919922
95.25836181640625
268.6045227050781
397.62750244140625
322.29449462890625
168.3295440673828
20.193748474121094
-1.4158611297607422
0.0
0.0
0.0
0.0
0.0
0.0
0.0
0.0
0.0
0.0
7.907632827758789
55.76359939575195
134.86370849609375
204.82766723632812
224.67379760742188
143.59646606445312
59.13084411621094
-3.3650424480438232
13.749170303344727
3.053476333618164
19.24652099609375
122.38397979736328
275.8096923828125
394.4099426269531
316.509521484375
151.44686889648438
12.827701568603516
-2.279575824737549
0.0
0.0
0.0
0.0
0.0
0.0
0.0
0.0
0.0
0.0
3.4823482036590576
33.581016540527344
58.909934997558594
50.386253356933594
54.990455627441406
13.478336334228516
-6.9203948974609375
1.6007308959960938
41.87561798095703
41.56855010986328
79.64761352539062
177.92343139648438
330.61810302734375
408.1609191894531
308.42730712890625
121.70764923095703
10.574966430664062
-0.22315087914466858
0.0
0.0
0.0
0.0
0.0
0.0
0.0
0.0
0.0
0.0
-0.8740048408508301
-3.35367751121521
-19.535741806030273
-39.66778564453125
-27.735729217529297
10.004486083984375
77.73040008544922
126.36444091796875
135.2916259765625
132.49473571777344
162.72482299804688
258.0330810546875
389.5484619140625
411.078857421875
278.2686767578125
99.38644409179688
4.800498962402344
0.015574216842651367
0.0
0.0
0.0
0.0
0.0
0.0
0.0
0.0
0.0
0.0
-0.05779629573225975
-5.599353790283203
-40.1656494140625
-54.82126998901367
19.175228118896484
173.3228302001953
279.55023193359375
295.4281005859375
272.82269287109375
254.68942260742188
292.180908203125
361.7025451660156
435.4908142089844
388.80364990234375
234.3365936279297
68.89698791503906
-4.757688045501709
-0.40640267729759216
0.0
0.0
0.0
0.0
0.0
0.0
0.0
0.0
0.0
0.0
-0.800994873046875
-23.79095458984375
-51.93097686767578
0.9146804809570312
181.68142700195312
352.1043395996094
447.5237731933594
403.785888671875
338.22607421875
323.48297119140625
358.1416320800781
414.7830505371094
433.39752197265625
352.92120361328125
207.27310180664062
43.98646545410156
-7.222914218902588
-0.36869776248931885
0.0
0.0
0.0
0.0
0.0
0.0
0.0
0.0
0.0
0.0
-0.9322060942649841
-28.6347599029541
-29.7866268157959
75.35067749023438
258.64581298828125
406.685791015625
428.48492431640625
313.9207763671875
273.67401123046875
301.6249694824219
389.27252197265625
419.5583801269531
405.5172119140625
324.76434326171875
190.73118591308594
40.67101287841797
-0.3637578785419464
0.05535922944545746
0.0
0.0
0.0
0.0
0.0
0.0
0.0
0.0
0.0
0.0
-1.0026419162750244
-22.106117248535156
10.524002075195312
128.27706909179688
293.3790588378906
370.58404541015625
291.80816650390625
151.34814453125
135.8272247314453
261.40301513671875
390.38116455078125
416.7846984863281
396.6839599609375
335.1377868652344
204.47787475585938
65.41728973388672
9.413064002990723
0.22179198265075684
0.0
0.0
0.0
0.0
0.0
0.0
0.0
0.0
0.0
0.0
0.9260370135307312
16.409746170043945
50.49889373779297
138.79763793945312
246.87484741210938
299.6574401855469
190.343994140625
71.17781066894531
166.79754638671875
316.28045654296875
429.82550048828125
434.23858642578125
394.9100341796875
358.078125
242.44076538085938
98.39213562011719
21.571340560913086
0.682252049446106
0.0
0.0
0.0
0.0
0.0
0.0
0.0
0.0
0.0
0.0
0.8260630369186401
23.0682373046875
60.853118896484375
133.7440948486328
230.26962280273438
259.2737121582031
186.41726684570312
174.45928955078125
294.0513000488281
409.8646240234375
475.5556945800781
419.46234130859375
372.01123046875
343.90972900390625
265.74658203125
128.09642028808594
30.985280990600586
1.650304913520813
0.0
0.0
0.0
0.0
0.0
0.0
0.0
0.0
0.0
0.0
0.8964987993240356
23.2061710357666
60.47273254394531
115.56193542480469
199.22695922851562
254.29806518554688
300.741943359375
331.9134521484375
406.9911804199219
453.03485107421875
406.8996887207031
340.76336669921875
331.0040283203125
316.0243835449219
259.47918701171875
120.26445007324219
24.022117614746094
2.3652849197387695
0.0
0.0
0.0
0.0
0.0
0.0
0.0
0.0
0.0
0.0
-0.231185182929039
7.180911540985107
56.326759338378906
121.7647476196289
205.5567626953125
327.358154296875
401.1104736328125
413.27178955078125
416.1831359863281
336.6468200683594
256.88720703125
210.37942504882812
222.2908172607422
243.5347442626953
201.84060668945312
100.16588592529297
16.98772430419922
2.6724939346313477
0.0
0.0
0.0
0.0
0.0
0.0
0.0
0.0
0.0
0.0
0.0
2.9776992797851562
38.46365737915039
103.50047302246094
202.1548309326172
326.9756164550781
385.7257080078125
365.9282531738281
284.3249816894531
191.02444458007812
111.83679962158203
90.17745208740234
119.61335754394531
125.63850402832031
107.09447479248047
51.651344299316406
-2.132025957107544
-0.5566069483757019
0.0
0.0
0.0
0.0
0.0
0.0
0.0
0.0
0.0
0.0
0.0
-0.36795923113822937
13.37679672241211
63.97132110595703
128.35360717773438
210.04153442382812
251.9291534423828
197.8201141357422
146.63519287109375
92.39913940429688
13.17796802520752
1.3792805671691895
21.53824234008789
42.8021125793457
53.884891510009766
19.10649871826172
-11.224954605102539
-2.5358409881591797
0.0
0.0
0.0
0.0
0.0
0.0
0.0
0.0
0.0
0.0
0.0
-0.17338888347148895
-2.204162836074829
12.944451332092285
43.464054107666016
73.30650329589844
88.97422790527344
77.43458557128906
56.34929275512695
22.093313217163086
-13.987525939941406
-6.2053351402282715
0.33162152767181396
6.824995517730713
12.958539962768555
1.4565489292144775
-3.1456639766693115
-0.46087220311164856
0.0
0.0
0.0
0.0
0.0
0.0
0.0
0.0
0.0
0.0
0.0
0.0
-0.462370365858078
-3.602801561355591
-2.617969512939453
5.892979145050049
22.502399444580078
23.393718719482422
10.964057922363281
-2.9551424980163574
-4.076456546783447
-0.14997074007987976
0.03545890003442764
0.06634828448295593
0.16356739401817322
-0.09217444062232971
0.0
0.0
0.0
0.0
0.0
0.0
0.0
0.0
0.0
0.0
0.0
0.0
0.0
0.0
0.0
0.0
0.0
-1.328508734703064
-9.691407203674316
-25.99299430847168
-18.811216354370117
-0.23346710205078125
-8.776544570922852
-9.057458877563477
-3.113908052444458
-0.39980390667915344
0.0
0.0
0.0
0.0
0.0
0.0
0.0
0.0
0.0
0.0
0.0
0.0
0.0
0.0
0.0
0.0
0.0
0.0
-1.89786958694458
-16.679601669311523
-35.10731506347656
-13.076651573181152
12.756414413452148
20.378171920776367
31.238677978515625
10.699447631835938
-10.8648042678833
-8.53225326538086
-1.7510706186294556
-0.04997548833489418
0.0
0.0
0.0
0.0
0.0
0.0
0.0
0.0
0.0
0.0
0.0
0.0
0.0
0.0
0.0
-3.79573917388916
-23.284151077270508
-22.910459518432617
61.976356506347656
212.17979431152344
308.4422912597656
355.26702880859375
305.97259521484375
197.0290985107422
81.26132202148438
5.632282257080078
-5.580528259277344
-0.9718017578125
0.0
0.0
0.0
0.0
0.0
0.0
0.0
0.0
0.0
0.0
0.0
0.0
0.0
0.0
-1.328508734703064
-13.379066467285156
-7.59169864654541
113.58303833007812
367.8564147949219
704.26953125
954.9706420898438
1037.970703125
914.490478515625
649.2144775390625
360.87139892578125
137.8800811767578
18.806488037109375
-2.3603274822235107
-0.34982842206954956
0.0
0.0
0.0
0.0
0.0
0.0
0.0
0.0
0.0
0.0
0.0
0.0
0.0
-6.7660346031188965
-3.6488873958587646
129.67376708984375
442.21435546875
895.5526123046875
1420.8280029296875
1730.43896484375
1771.49267578125
1602.9140625
1223.804931640625
803.888671875
413.8995361328125
116.84379577636719
6.684525489807129
-1.4052597284317017
0.0
0.0
0.0
0.0
0.0
0.0
0.0
0.0
0.0
0.0
0.0
0.0
-0.7591478228569031
-5.062928676605225
93.9273681640625
423.5708312988281
928.7575073242188
1522.42626953125
1925.9881591796875
2112.525634765625
2130.177734375
1939.67041015625
1609.640625
1219.223388671875
753.540771484375
324.94744873046875
62.9409294128418
1.8116096258163452
-0.19990195333957672
0.0
0.0
0.0
0.0
0.0
0.0
0.0
0.0
0.0
0.0
0.0
-5.330376148223877
30.018712997436523
298.04315185546875
813.67529296875
1415.014892578125
1869.072265625
1954.0419921875
1890.761474609375
1811.2633056640625
1769.157958984375
1679.8154296875
1474.1192626953125
1085.478271484375
580.2505493164062
190.25857543945312
25.44077491760254
0.2607583999633789
0.0
0.0
0.0
0.0
0.0
0.0
0.0
0.0
0.0
0.0
-1.7080825567245483
-15.559159278869629
112.96436309814453
576.7532348632812
1193.7896728515625
1699.9068603515625
1871.5146484375
1644.0487060546875
1290.75830078125
1175.8062744140625
1311.05712890625
1517.1417236328125
1543.363037109375
1299.5186767578125
826.0604858398438
333.98699951171875
60.988712310791016
0.40699291229248047
0.0
0.0
0.0
0.0
0.0
0.0
0.0
0.0
0.0
0.0
-3.5478270053863525
24.115734100341797
310.43365478515625
886.8557739257812
1452.3800048828125
1738.09765625
1616.4453125
1128.421142578125
663.5752563476562
588.9078979492188
883.7362060546875
1338.7049560546875
1555.166259765625
1420.3577880859375
1002.6453247070312
461.9516296386719
114.83946990966797
5.355131149291992
0.0
0.0
0.0
0.0
0.0
0.0
0.0
0.0
0.0
0.0
7.619801044464111
145.57684326171875
578.8333740234375
1179.2742919921875
1607.353759765625
1618.4703369140625
1223.8553466796875
686.62255859375
285.66131591796875
248.47967529296875
672.9908447265625
1191.217041015625
1532.0086669921875
1471.7579345703125
1116.0125732421875
565.2764282226562
156.59185791015625
11.998827934265137
0.0
0.0
0.0
0.0
0.0
0.0
0.0
0.0
0.0
0.0
30.588531494140625
315.7203369140625
848.1837158203125
1429.6072998046875
1664.0059814453125
1456.4698486328125
930.0079956054688
408.3663635253906
95.5359878540039
115.91097259521484
580.4550170898438
1116.325927734375
1536.1536865234375
1527.50634765625
1183.5047607421875
640.1512451171875
205.1817626953125
22.66482162475586
0.0
0.0
0.0
0.0
0.0
0.0
0.0
0.0
0.0
0.0
61.013633728027344
482.8727722167969
1053.688720703125
1588.5150146484375
1650.98779296875
1328.34375
782.906005859375
281.42803955078125
34.403236389160156
72.03984069824219
539.8302612304688
1096.188232421875
1543.7374267578125
1542.197265625
1199.521484375
652.2682495117188
204.28643798828125
21.367856979370117
0.0
0.0
0.0
0.0
0.0
0.0
0.0
0.0
0.0
0.0
78.9288330078125
552.6236572265625
1097.7398681640625
1542.6016845703125
1530.0501708984375
1207.63525390625
683.0615844726562
226.72552490234375
25.697654724121094
76.95990753173828
553.8499755859375
1117.2197265625
1528.612060546875
1502.254150390625
1139.90283203125
592.931640625
175.79666137695312
16.404638290405273
0.0
0.0
0.0
0.0
0.0
0.0
0.0
0.0
0.0
0.0
66.38169860839844
471.15777587890625
904.4391479492188
1212.966796875
1156.589111328125
858.7102661132812
453.0130920410156
136.04551696777344
9.153564453125
105.9596939086914
607.4497680664062
1183.49755859375
1552.5137939453125
1473.610595703125
1070.5770263671875
526.1497802734375
130.4711151123047
5.746150493621826
0.0
0.0
0.0
0.0
0.0
0.0
0.0
0.0
0.0
0.0
40.74644470214844
305.902099609375
562.7029418945312
670.3756713867188
601.4723510742188
454.7330017089844
266.8148193359375
105.69880676269531
56.69483184814453
217.22525024414062
707.8822021484375
1277.2388916015625
1591.1119384765625
1465.1103515625
1024.877685546875
483.6864013671875
113.93450164794922
3.4737093448638916
0.0
0.0
0.0
0.0
0.0
0.0
0.0
0.0
0.0
0.0
13.951936721801758
123.87162017822266
206.85147094726562
217.14453125
294.41845703125
393.6600646972656
471.4180603027344
503.9525146484375
474.3775634765625
601.248779296875
998.8138427734375
1452.488525390625
1657.3887939453125
1452.119384765625
983.0337524414062
441.9411315917969
99.73048400878906
2.865832567214966
0.0
0.0
0.0
0.0
0.0
0.0
0.0
0.0
0.0
0.0
0.6581859588623047
9.92801570892334
40.828887939453125
171.62710571289062
470.8615417480469
838.393798828125
1154.0517578125
1256.10791015625
1207.6436767578125
1285.40771484375
1506.760009765625
1741.787353515625
1721.0887451171875
1383.7486572265625
869.4369506835938
359.24249267578125
69.93175506591797
1.697820782661438
0.0
0.0
0.0
0.0
0.0
0.0
0.0
0.0
0.0
0.0
-0.7591478228569031
-13.495048522949219
95.12324523925781
436.72955322265625
950.8085327148438
1467.6676025390625
1811.0108642578125
1922.41552734375
1848.7486572265625
1880.90576171875
2021.7955322265625
2036.69189453125
1739.044921875
1272.134521484375
706.8189086914062
245.54205322265625
29.6243896484375
0.07779276371002197
0.0
0.0
0.0
0.0
0.0
0.0
0.0
0.0
0.0
0.0
0.36323243379592896
25.881267547607422
286.19964599609375
787.4693603515625
1331.312744140625
1729.350830078125
1890.4163818359375
1904.12353515625
1900.8670654296875
2056.2041015625
2236.41015625
2159.343505859375
1704.5743408203125
1164.9959716796875
592.5123901367188
159.31692504882812
9.444318771362305
-0.09995097666978836
0.0
0.0
0.0
0.0
0.0
0.0
0.0
0.0
0.0
0.0
2.880066156387329
109.18716430664062
517.0537719726562
1080.2255859375
1479.1368408203125
1605.87255859375
1430.88427734375
1359.8114013671875
1522.910400390625
1843.0980224609375
2188.163330078125
2177.3349609375
1713.1016845703125
1175.2906494140625
612.0509643554688
171.00747680664062
13.45944595336914
0.05541597306728363
0.0
0.0
0.0
0.0
0.0
0.0
0.0
0.0
0.0
0.0
6.79208517074585
213.81918334960938
711.7344360351562
1228.775634765625
1441.4271240234375
1347.0772705078125
994.8975830078125
954.146484375
1231.8233642578125
1733.1995849609375
2162.795654296875
2215.11767578125
1831.9766845703125
1320.87548828125
755.2168579101562
275.5145568847656
44.043704986572266
0.6448622941970825
0.0
0.0
0.0
0.0
0.0
0.0
0.0
0.0
0.0
0.0
8.302448272705078
264.33660888671875
788.04638671875
1253.863525390625
1341.6357421875
1244.3536376953125
996.6632080078125
1031.0638427734375
1401.671875
1871.0274658203125
2217.8046875
2290.27978515625
1941.87744140625
1471.324951171875
934.2140502929688
395.8677978515625
84.34209442138672
1.7776182889938354
0.0
0.0
0.0
0.0
0.0
0.0
0.0
0.0
0.0
0.0
5.785614967346191
215.17269897460938
719.2158203125
1176.493408203125
1333.304931640625
1429.6201171875
1433.8792724609375
1545.4420166015625
1733.0186767578125
1905.7147216796875
2050.67431640625
2068.0947265625
1863.0413818359375
1482.217529296875
1027.2598876953125
506.9980163574219
133.69195556640625
7.483865737915039
0.0
0.0
0.0
0.0
0.0
0.0
0.0
0.0
0.0
0.0
2.6327438354492188
130.40090942382812
570.0597534179688
1050.1541748046875
1351.4681396484375
1669.755615234375
1940.8115234375
1961.828125
1825.4627685546875
1658.9683837890625
1495.799560546875
1471.6044921875
1415.423095703125
1194.3912353515625
918.2561645507812
499.5809020996094
145.57687377929688
12.245230674743652
0.0
0.0
0.0
0.0
0.0
0.0
0.0
0.0
0.0
0.0
0.0
51.3494987487793
372.3486022949219
832.2166748046875
1241.5416259765625
1694.5198974609375
2000.252685546875
1891.1522216796875
1536.359130859375
1088.5516357421875
793.4553833007812
782.1431884765625
813.9161987304688
729.7255249023438
587.11328125
344.9266662597656
112.30603790283203
12.570237159729004
0.0
0.0
0.0
0.0
0.0
0.0
0.0
0.0
0.0
0.0
0.0
16.18655776977539
191.45896911621094
540.8720092773438
905.6630859375
1266.7208251953125
1468.005615234375
1296.6260986328125
913.7100830078125
519.5
272.35052490234375
276.094970703125
343.1795654296875
303.4288024902344
241.1123046875
138.87513732910156
34.336360931396484
2.550136089324951
0.0
0.0
0.0
0.0
0.0
0.0
0.0
0.0
0.0
0.0
0.0
1.974557876586914
59.728675842285156
250.10543823242188
463.06231689453125
643.370849609375
708.8887939453125
555.1976928710938
355.9980163574219
174.2060089111328
41.961280822753906
48.172645568847656
62.254573822021484
49.4856071472168
41.764373779296875
19.34117889404297
2.6938350200653076
0.09724095463752747
0.0
0.0
0.0
0.0
0.0
0.0
0.0
0.0
0.0
0.0
0.0
0.0
5.2654876708984375
56.06007385253906
126.29989624023438
171.6777801513672
163.81190490722656
116.41958618164062
65.44408416748047
21.269987106323242
1.2661293745040894
0.6776341199874878
0.4754149615764618
0.3432893753051758
0.3715125620365143
0.019448190927505493
0.0
0.0
0.0
0.0
0.0
0.0
0.0
0.0
0.0
0.0
0.0
0.0
0.0
0.0
0.0
0.0
0.0
-2.277047872543335
-15.976629257202148
-41.295677185058594
-16.450345993041992
42.836463928222656
78.75621032714844
52.0366325378418
14.392841339111328
1.787531852722168
0.0
0.0
0.0
0.0
0.0
0.0
0.0
0.0
0.0
0.0
0.0
0.0
0.0
0.0
0.0
0.0
0.0
0.0
-3.2529256343841553
-30.431007385253906
-71.76771545410156
-50.995243072509766
78.4999771118164
251.96900939941406
328.88751220703125
282.5523376464844
148.21163940429688
49.621498107910156
7.887885570526123
0.223441481590271
0.0
0.0
0.0
0.0
0.0
0.0
0.0
0.0
0.0
0.0
0.0
0.0
0.0
0.0
0.0
-6.5058512687683105
-42.02289962768555
-70.32123565673828
8.543405532836914
263.2597961425781
556.0125732421875
761.6980590820312
821.311767578125
717.383056640625
473.5105895996094
236.4802703857422
65.14292907714844
5.450314998626709
0.0
0.0
0.0
0.0
0.0
0.0
0.0
0.0
0.0
0.0
0.0
0.0
0.0
0.0
-2.277047872543335
-30.15024185180664
-64.51885223388672
41.315303802490234
387.2432861328125
885.3030395507812
1295.2294921875
1513.3673095703125
1495.597412109375
1297.455322265625
963.2584228515625
569.6122436523438
225.22723388671875
37.27277374267578
1.564090371131897
0.0
0.0
0.0
0.0
0.0
0.0
0.0
0.0
0.0
0.0
0.0
0.0
0.0
-14.345455169677734
-53.38483810424805
34.783935546875
386.5211181640625
975.8803100585938
1619.351806640625
2063.51513671875
2151.35107421875
1963.3770751953125
1688.3861083984375
1423.919677734375
1002.4614868164062
510.9484558105469
140.8566436767578
14.020524978637695
0.0
0.0
0.0
0.0
0.0
0.0
0.0
0.0
0.0
0.0
0.0
0.0
-1.3011702299118042
-30.521066665649414
-1.7471297979354858
286.38580322265625
876.4520874023438
1597.9393310546875
2176.4599609375
2377.85986328125
2209.416015625
1970.4315185546875
1769.3924560546875
1662.198486328125
1394.353759765625
860.3609008789062
337.4375305175781
56.91184997558594
0.893765926361084
0.0
0.0
0.0
0.0
0.0
0.0
0.0
0.0
0.0
0.0
0.0
-10.706802368164062
-25.66745948791504
142.90054321289062
623.7728881835938
1360.6937255859375
2045.8831787109375
2271.9873046875
2031.3433837890625
1708.3870849609375
1527.4912109375
1571.51025390625
1718.303955078125
1655.0184326171875
1191.643310546875
568.14453125
129.8883819580078
3.255617141723633
0.0
0.0
0.0
0.0
0.0
0.0
0.0
0.0
0.0
0.0
-2.927633047103882
-41.57065963745117
7.001049041748047
361.5904846191406
1041.1688232421875
1771.1884765625
2163.319580078125
1935.4627685546875
1408.042236328125
1032.8111572265625
957.0584716796875
1230.89501953125
1604.038818359375
1764.333984375
1443.58349609375
797.0817260742188
233.7637481689453
11.666826248168945
0.0
0.0
0.0
0.0
0.0
0.0
0.0
0.0
0.0
0.0
-9.614787101745605
-37.00691223144531
140.16372680664062
663.838623046875
1422.6273193359375
1979.1807861328125
1979.4835205078125
1448.095947265625
797.23046875
431.3162536621094
519.976806640625
971.908447265625
1500.8011474609375
1816.690185546875
1626.359375
954.8756103515625
327.3270568847656
26.161258697509766
0.0
0.0
0.0
0.0
0.0
0.0
0.0
0.0
0.0
0.0
-4.832334518432617
41.63707733154297
347.3697814941406
960.1956787109375
1673.8681640625
2024.992919921875
1702.8902587890625
995.8560791015625
354.5122985839844
133.44979858398438
328.3468017578125
810.125244140625
1423.558837890625
1835.449951171875
1737.026123046875
1073.0623779296875
402.2472839355469
42.643272399902344
0.0
0.0
0.0
0.0
0.0
0.0
0.0
0.0
0.0
0.0
10.4951753616333
144.70494079589844
531.9561767578125
1194.8162841796875
1833.515869140625
2010.7254638671875
1467.6983642578125
685.2627563476562
129.4934539794922
43.064002990722656
267.0888366699219
735.0325927734375
1404.71630859375
1865.5560302734375
1790.87646484375
1111.789306640625
431.3001708984375
50.614295959472656
0.0
0.0
0.0
0.0
0.0
0.0
0.0
0.0
0.0
0.0
29.51739501953125
237.920166015625
682.899169921875
1373.042724609375
1877.250732421875
1859.449951171875
1204.9940185546875
496.77557373046875
63.94948959350586
16.270055770874023
236.2150421142578
714.8438110351562
1426.678955078125
1896.3123779296875
1788.3555908203125
1087.316650390625
395.8660583496094
40.211509704589844
0.0
0.0
0.0
0.0
0.0
0.0
0.0
0.0
0.0
0.0
40.37038803100586
299.18902587890625
746.716796875
1317.970458984375
1620.3013916015625
1496.2000732421875
926.3116455078125
359.1656188964844
45.84034729003906
10.46037483215332
245.75657653808594
764.7024536132812
1469.2890625
1897.35400390625
1728.1712646484375
1010.5552368164062
334.3969421386719
24.749814987182617
0.0
0.0
0.0
0.0
0.0
0.0
0.0
0.0
0.0
0.0
31.64357566833496
248.23782348632812
589.1534423828125
952.0555419921875
1094.5411376953125
946.2218627929688
549.1832885742188
240.73655700683594
125.45220947265625
131.10325622558594
348.529541015625
870.1868896484375
1546.872802734375
1932.4427490234375
1684.79296875
931.3880004882812
271.9828796386719
10.021602630615234
0.0
0.0
0.0
0.0
0.0
0.0
0.0
0.0
0.0
0.0
15.328911781311035
134.21035766601562
315.0871276855469
470.9773254394531
514.4515991210938
457.2311706542969
367.4840393066406
354.7900085449219
396.9109191894531
440.3575744628906
645.4473876953125
1111.1429443359375
1719.448974609375
1986.4879150390625
1611.4342041015625
838.21533203125
232.41799926757812
6.791820526123047
0.0
0.0
0.0
0.0
0.0
0.0
0.0
0.0
0.0
0.0
3.9928691387176514
41.46784210205078
79.9041748046875
119.15906524658203
235.46945190429688
456.9332580566406
728.7295532226562
921.1069946289062
985.2994384765625
1011.21240234375
1163.55078125
1531.8529052734375
1951.8597412109375
2007.654541015625
1496.7210693359375
732.2229614257812
178.85440063476562
4.678488254547119
0.0
0.0
0.0
0.0
0.0
0.0
0.0
0.0
0.0
0.0
0.17910455167293549
-3.0294530391693115
-20.834287643432617
70.73988342285156
420.3564147949219
963.237060546875
1459.0267333984375
1681.1451416015625
1667.797607421875
1659.9239501953125
1784.4783935546875
2019.5645751953125
2163.693359375
1960.1368408203125
1325.5916748046875
578.22900390625
105.93399810791016
1.9410346746444702
0.0
0.0
0.0
0.0
0.0
0.0
0.0
0.0
0.0
0.0
-1.3011702299118042
-33.774085998535156
-0.5649017095565796
288.759765625
903.238525390625
1579.9735107421875
2051.614013671875
2104.8349609375
1964.831787109375
1965.9505615234375
2151.25732421875
2356.533203125
2290.49755859375
1884.672119140625
1170.7459716796875
437.139404296875
47.02404022216797
-0.0200616754591465
0.0
0.0
0.0
0.0
0.0
0.0
0.0
0.0
0.0
0.0
-0.9480257034301758
-18.056846618652344
119.8021011352539
569.6175537109375
1269.271728515625
1876.662109375
2074.13525390625
1864.491943359375
1688.31494140625
1880.4263916015625
2258.5302734375
2474.853515625
2306.708740234375
1830.4974365234375
1106.0396728515625
406.7400207519531
44.578887939453125
0.446882963180542
0.0
0.0
0.0
0.0
0.0
0.0
0.0
0.0
0.0
0.0
0.9979006052017212
42.83684539794922
277.0455627441406
791.1366577148438
1449.3299560546875
1878.18408203125
1703.6181640625
1289.9349365234375
1218.2711181640625
1677.0960693359375
2224.267822265625
2510.330078125
2321.80078125
1873.684814453125
1195.678466796875
510.3582458496094
92.54466247558594
1.9629707336425781
0.0
0.0
0.0
0.0
0.0
0.0
0.0
0.0
0.0
0.0
3.942183256149292
112.43614959716797
395.28448486328125
895.3803100585938
1449.1497802734375
1727.1773681640625
1410.2412109375
1027.6962890625
1136.842529296875
1741.08203125
2285.069091796875
2509.7236328125
2325.63623046875
1958.336669921875
1369.5107421875
685.5140991210938
174.08477783203125
5.5181097984313965
0.0
0.0
0.0
0.0
0.0
0.0
0.0
0.0
0.0
0.0
4.30545711517334
131.7722625732422
434.4115295410156
898.3911743164062
1349.67724609375
1585.730712890625
1454.92724609375
1314.1580810546875
1519.3489990234375
2037.1866455078125
2367.321533203125
2362.622314453125
2159.887939453125
1912.2120361328125
1484.2926025390625
846.789306640625
264.7911376953125
14.562342643737793
0.0
0.0
0.0
0.0
0.0
0.0
0.0
0.0
0.0
0.0
2.3595306873321533
98.27022552490234
391.056884765625
809.9946899414062
1238.891845703125
1609.325439453125
1809.446533203125
1878.14990234375
1993.12646484375
2147.19091796875
2093.17919921875
1925.8233642578125
1802.7445068359375
1685.1392822265625
1389.9588623046875
836.5391235351562
292.5555725097656
23.661808013916016
0.0
0.0
0.0
0.0
0.0
0.0
0.0
0.0
0.0
0.0
0.7164182066917419
52.92120361328125
305.8171081542969
706.3607177734375
1156.7625732421875
1638.4049072265625
2028.7977294921875
2168.602783203125
2072.81787109375
1806.343994140625
1476.594970703125
1247.3994140625
1212.576416015625
1196.28369140625
1035.6060791015625
665.6299438476562
247.37049865722656
25.543228149414062
0.0
0.0
0.0
0.0
0.0
0.0
0.0
0.0
0.0
0.0
0.0
19.041011810302734
179.45452880859375
521.8267211914062
968.1832885742188
1445.589599609375
1816.6064453125
1886.5802001953125
1640.976806640625
1211.342041015625
770.4067993164062
559.7313232421875
609.8501586914062
653.5253295898438
584.7345581054688
384.8963623046875
142.34652709960938
16.614078521728516
0.0
0.0
0.0
0.0
0.0
0.0
0.0
0.0
0.0
0.0
0.0
4.993529796600342
76.0862045288086
293.0661926269531
617.1539916992188
957.447998046875
1193.4261474609375
1195.3499755859375
963.88232421875
593.0794677734375
247.8663787841797
136.36866760253906
217.71058654785156
280.8505554199219
245.9297332763672
130.11611938476562
31.515718460083008
2.3159542083740234
0.0
0.0
0.0
0.0
0.0
0.0
0.0
0.0
0.0
0.0
0.0
0.5373136401176453
18.54804039001465
106.54747009277344
266.57684326171875
446.3031311035156
548.4775390625
519.8660278320312
373.8946533203125
169.40740966796875
34.03919219970703
15.435454368591309
36.15544509887695
53.52396774291992
43.20433807373047
14.866730690002441
1.1865081787109375
-0.02507709339261055
0.0
0.0
0.0
0.0
0.0
0.0
0.0
0.0
0.0
0.0
0.0
0.0
1.4328364133834839
17.579421997070312
57.813629150390625
114.63184356689453
144.1944122314453
118.69515991210938
60.94715118408203
14.817068099975586
0.04972498118877411
0.17408913373947144
0.3708520233631134
0.527754008769989
0.280434250831604
-0.005015418864786625
0.0
0.0
0.0
0.0
0.0
0.0
0.0
0.0
0.0
0.0
0.0
0.0
0.0
0.0
0.0
0.0
0.0
-0.3829866647720337
-2.81174898147583
-8.749470710754395
-13.427864074707031
-13.759181022644043
1.430755853652954
-2.4228053092956543
-1.3539888858795166
-0.35751861333847046
0.0
0.0
0.0
0.0
0.0
0.0
0.0
0.0
0.0
0.0
0.0
0.0
0.0
0.0
0.0
0.0
0.0
0.0
-0.5471237897872925
-4.770697593688965
-13.65080451965332
-30.966894149780273
-55.20341491699219
-34.13434982299805
-18.73500633239746
-20.52739143371582
-7.650947093963623
-3.8413705825805664
-1.3870463371276855
-0.04468982666730881
0.0
0.0
0.0
0.0
0.0
0.0
0.0
0.0
0.0
0.0
0.0
0.0
0.0
0.0
0.0
-1.094247579574585
-6.673095226287842
-12.384366989135742
-26.409542083740234
-29.40252113342285
-35.523624420166016
-63.26791763305664
-76.37489318847656
-52.98727035522461
-28.015365600585938
-12.559331893920898
-9.085630416870117
-1.1043003797531128
0.0
0.0
0.0
0.0
0.0
0.0
0.0
0.0
0.0
0.0
0.0
0.0
0.0
0.0
-0.3829866647720337
-3.6940038204193115
-8.381813049316406
-19.660541534423828
-7.581710338592529
19.63060188293457
-14.350430488586426
-71.7979965209961
-117.68975830078125
-125.32836151123047
-65.59231567382812
-29.286855697631836
-21.602365493774414
-6.33072566986084
-0.31282877922058105
0.0
0.0
0.0
0.0
0.0
0.0
0.0
0.0
0.0
0.0
0.0
0.0
0.0
-1.8872413635253906
-2.4491963386535645
-0.05712292715907097
-5.683971881866455
17.947406768798828
-1.9575450420379639
-15.359821319580078
-43.13998794555664
-133.94097900390625
-173.73480224609375
-135.08265686035156
-79.28707885742188
-33.30012512207031
-17.050426483154297
-2.90360164642334
0.0
0.0
0.0
0.0
0.0
0.0
0.0
0.0
0.0
0.0
0.0
0.0
-0.2188495248556137
-1.085591197013855
9.928253173828125
4.35443639755249
9.666141510009766
-2.030794143676758
-34.94068908691406
-22.637544631958008
-67.27133178710938
-124.19869232177734
-165.4248504638672
-184.79380798339844
-126.7611083984375
-67.4737777709961
-30.843524932861328
-10.55687141418457
-0.17875930666923523
0.0
0.0
0.0
0.0
0.0
0.0
0.0
0.0
0.0
0.0
0.0
-1.5004905462265015
6.8681793212890625
19.33661460876465
3.5648205280303955
-1.3470561504364014
-24.897138595581055
-72.53591918945312
-129.79898071289062
-89.83024597167969
-55.09833908081055
-92.052734375
-171.1844482421875
-167.56866455078125
-104.35115051269531
-51.88979721069336
-21.6363582611084
-0.7079460024833679
0.0
0.0
0.0
0.0
0.0
0.0
0.0
0.0
0.0
0.0
-0.49241143465042114
-4.219147205352783
10.612991333007812
6.222977638244629
4.090450763702393
-13.103572845458984
-52.93650817871094
-136.85386657714844
-153.9036102294922
-72.63644409179688
-19.256040573120117
-21.0846004486084
-114.30955505371094
-169.76084899902344
-139.66668701171875
-84.3634033203125
-34.58060836791992
-1.9948734045028687
0.0
0.0
0.0
0.0
0.0
0.0
0.0
0.0
0.0
0.0
-0.941402792930603
4.562819480895996
5.529229640960693
-9.66821575164795
7.913952350616455
-27.670072555541992
-102.72258758544922
-146.9645538330078
-125.22689056396484
-76.51509857177734
31.02567481994629
20.104249954223633
-63.01567840576172
-145.90255737304688
-161.5625762939453
-98.92726135253906
-55.39590072631836
-5.448665618896484
0.0
0.0
0.0
0.0
0.0
0.0
0.0
0.0
0.0
0.0
2.4451897144317627
25.52486228942871
15.07813549041748
-11.74671459197998
-34.67145538330078
-79.12647247314453
-116.56646728515625
-135.6717071533203
-94.26393127441406
-39.397804260253906
32.96133804321289
35.09398651123047
-27.958961486816406
-105.50211334228516
-165.66775512695312
-124.51856231689453
-68.24073791503906
-6.714539527893066
0.0
0.0
0.0
0.0
0.0
0.0
0.0
0.0
0.0
0.0
7.259332180023193
40.490333557128906
17.760547637939453
-23.496421813964844
-60.5439567565918
-107.81326293945312
-123.45783233642578
-131.84617614746094
-54.386940002441406
-7.560647487640381
31.620065689086914
34.161380767822266
-14.368700981140137
-88.69971466064453
-157.69728088378906
-126.23666381835938
-79.86353302001953
-10.567262649536133
0.0
0.0
0.0
0.0
0.0
0.0
0.0
0.0
0.0
0.0
8.800520896911621
38.661197662353516
30.055606842041016
1.7629485130310059
-50.890724182128906
-132.08387756347656
-144.05130004882812
-106.32759094238281
-20.198644638061523
1.993456482887268
25.519033432006836
22.670740127563477
-14.031359672546387
-66.29721069335938
-147.98358154296875
-145.53211975097656
-82.80311584472656
-8.933733940124512
0.0
0.0
0.0
0.0
0.0
0.0
0.0
0.0
0.0
0.0
5.839607238769531
39.14728546142578
56.38026809692383
26.737926483154297
-36.539344787597656
-142.1443634033203
-144.99386596679688
-79.62657165527344
-11.55447769165039
4.05349063873291
16.414213180541992
15.089950561523438
-19.81757354736328
-81.64364624023438
-149.6018524169922
-134.7461395263672
-78.25003051757812
-8.486152648925781
0.0
0.0
0.0
0.0
0.0
0.0
0.0
0.0
0.0
0.0
0.605899453163147
16.976097106933594
47.72773361206055
16.69563865661621
-49.836360931396484
-131.0742950439453
-131.76548767089844
-77.49322509765625
-17.66999626159668
14.342777252197266
14.747692108154297
11.07866096496582
-28.45883560180664
-90.29049682617188
-142.7769012451172
-136.55230712890625
-68.72683715820312
-4.5566582679748535
0.0
0.0
0.0
0.0
0.0
0.0
0.0
0.0
0.0
0.0
-3.4049019813537598
-12.371034622192383
4.0331621170043945
-4.153059005737305
-36.56416702270508
-108.82942199707031
-129.2294464111328
-80.87144470214844
-39.22400665283203
-8.180915832519531
1.9258493185043335
-1.5509936809539795
-26.74346351623535
-99.7933349609375
-146.17210388183594
-131.6829071044922
-54.302207946777344
-1.944072961807251
0.0
0.0
0.0
0.0
0.0
0.0
0.0
0.0
0.0
0.0
-2.259613275527954
-14.832283973693848
-5.134044170379639
3.5735666751861572
-35.24898910522461
-60.09116744995117
-46.98843002319336
-65.32219696044922
-89.48831176757812
-60.04677963256836
-23.47650146484375
-12.042319297790527
-42.7076416015625
-107.13420104980469
-154.8245086669922
-130.90036010742188
-43.39320373535156
-1.1269049644470215
0.0
0.0
0.0
0.0
0.0
0.0
0.0
0.0
0.0
0.0
-0.11462949216365814
-2.918363094329834
4.692263126373291
7.6711883544921875
-4.266880989074707
18.52994728088379
2.193499803543091
-45.23888397216797
-90.805419921875
-109.47562408447266
-69.45977783203125
-42.64411544799805
-78.08595275878906
-120.93856811523438
-153.47598266601562
-116.71350860595703
-34.05084991455078
-0.9889678955078125
0.0
0.0
0.0
0.0
0.0
0.0
0.0
0.0
0.0
0.0
-0.2188495248556137
-3.719829559326172
14.682180404663086
15.99377727508545
12.835987091064453
16.70240020751953
9.788832664489746
-35.89986801147461
-99.94303131103516
-133.8211669921875
-107.09486389160156
-108.04791259765625
-121.48759460449219
-139.6858673095703
-142.7823944091797
-103.40502166748047
-19.65105438232422
-0.26613691449165344
0.0
0.0
0.0
0.0
0.0
0.0
0.0
0.0
0.0
0.0
0.14088086783885956
6.434587001800537
15.605222702026367
3.056593418121338
-8.854622840881348
-9.509430885314941
-57.55975341796875
-90.00946044921875
-84.81068420410156
-133.7370147705078
-121.56184387207031
-145.53143310546875
-174.6122589111328
-168.25755310058594
-134.7388458251953
-81.10137939453125
-13.447857856750488
-0.08937965333461761
0.0
0.0
0.0
0.0
0.0
0.0
0.0
0.0
0.0
0.0
0.8483052253723145
25.27284812927246
32.516937255859375
-5.201071262359619
-53.95766067504883
-77.47247314453125
-124.24542999267578
-111.07489776611328
-82.09046173095703
-68.6103515625
-79.47785186767578
-151.3876190185547
-195.2304229736328
-189.0787811279297
-133.28135681152344
-68.81526947021484
-18.052236557006836
-0.42100775241851807
0.0
0.0
0.0
0.0
0.0
0.0
0.0
0.0
0.0
0.0
1.199061393737793
31.03664779663086
38.90456008911133
0.27521511912345886
-66.68733215332031
-104.8960952758789
-139.81094360351562
-131.95118713378906
-21.832674026489258
-5.867380619049072
-59.509342193603516
-113.4301528930664
-181.059814453125
-200.2899169921875
-137.63577270507812
-78.16754150390625
-27.673423767089844
-0.95567387342453
0.0
0.0
0.0
0.0
0.0
0.0
0.0
0.0
0.0
0.0
0.38081300258636475
15.588869094848633
50.92736053466797
24.593896865844727
-64.39573669433594
-132.98483276367188
-148.2462615966797
-94.39958953857422
-7.705893516540527
9.656956672668457
-19.599626541137695
-106.94805145263672
-155.09161376953125
-191.511474609375
-152.332763671875
-94.88776397705078
-42.714664459228516
-2.796095848083496
0.0
0.0
0.0
0.0
0.0
0.0
0.0
0.0
0.0
0.0
-0.32661134004592896
0.1759219616651535
45.1535758972168
50.43643569946289
-23.993816375732422
-112.27771759033203
-122.1813735961914
-97.62052154541016
-44.1020622253418
-22.167009353637695
-72.77510833740234
-79.99891662597656
-96.40158081054688
-152.5593719482422
-140.40977478027344
-106.70722961425781
-54.721160888671875
-4.660060882568359
0.0
0.0
0.0
0.0
0.0
0.0
0.0
0.0
0.0
0.0
-0.45851796865463257
-7.020997524261475
30.284374237060547
77.80819702148438
35.30734634399414
-47.00730895996094
-103.83784484863281
-113.34928894042969
-73.38087463378906
-113.91580200195312
-121.57039642333984
-47.32376480102539
-30.192489624023438
-75.69931030273438
-131.15028381347656
-115.41824340820312
-48.47478103637695
-3.4292032718658447
0.0
0.0
0.0
0.0
0.0
0.0
0.0
0.0
0.0
0.0
0.0
-4.508396625518799
0.6335153579711914
60.31234359741211
75.17376708984375
-4.57042121887207
-81.90876007080078
-109.19220733642578
-126.33418273925781
-131.20921325683594
-111.18326568603516
-53.48845672607422
-4.344400882720947
-33.533973693847656
-82.14845275878906
-81.6595458984375
-43.506309509277344
-5.650338649749756
0.0
0.0
0.0
0.0
0.0
0.0
0.0
0.0
0.0
0.0
0.0
-2.3082895278930664
-13.297847747802734
12.231014251708984
40.29081726074219
3.1669352054595947
-60.185062408447266
-105.49977111816406
-104.52226257324219
-94.61416625976562
-89.74050903320312
-35.485618591308594
5.0219879150390625
8.79727554321289
-30.27306365966797
-53.50703430175781
-24.064653396606445
-2.699962854385376
0.0
0.0
0.0
0.0
0.0
0.0
0.0
0.0
0.0
0.0
0.0
-0.34388846158981323
-8.48129940032959
-13.699448585510254
3.786287546157837
-2.17806339263916
-31.653451919555664
-42.17534255981445
-62.795616149902344
-69.08109283447266
-29.15370750427246
-9.16385269165039
2.2452762126922607
7.277065277099609
-8.13563060760498
-11.770163536071777
-3.7582192420959473
-0.3326711356639862
0.0
0.0
0.0
0.0
0.0
0.0
0.0
0.0
0.0
0.0
0.0
0.0
-0.9170359373092651
-7.9322052001953125
-5.611613750457764
4.303689002990723
1.5240293741226196
-14.66003131866455
-25.641996383666992
-16.485395431518555
-3.2400240898132324
-0.1811637282371521
0.10353907197713852
0.07701218873262405
-0.1794494390487671
-0.06653422862291336
0.0
0.0
0.0
0.0
0.0
0.0
0.0
0.0
0.0
0.0
0.0
0.0
0.0
0.0
0.0
0.0
0.0
0.055784210562705994
-0.19989022612571716
-4.775107383728027
-17.052146911621094
-24.797576904296875
-12.034271240234375
-18.56533432006836
-7.443358898162842
-1.3711252212524414
0.0
0.0
0.0
0.0
0.0
0.0
0.0
0.0
0.0
0.0
0.0
0.0
0.0
0.0
0.0
0.0
0.0
0.0
0.07969172298908234
-1.3988897800445557
-15.538769721984863
-48.86361312866211
-58.73046875
-88.1465835571289
-104.2389144897461
-80.59300231933594
-41.8527946472168
-20.83934783935547
-5.6008148193359375
-0.17139065265655518
0.0
0.0
0.0
0.0
0.0
0.0
0.0
0.0
0.0
0.0
0.0
0.0
0.0
0.0
0.0
0.15938344597816467
-2.516624689102173
-27.973838806152344
-68.20127868652344
-94.24209594726562
-135.63636779785156
-171.70135498046875
-174.08609008789062
-181.01417541503906
-121.22637939453125
-59.09160232543945
-29.801977157592773
-3.878628730773926
0.0
0.0
0.0
0.0
0.0
0.0
0.0
0.0
0.0
0.0
0.0
0.0
0.0
0.0
0.055784210562705994
-3.56608247756958
-27.888683319091797
-64.9725341796875
-108.66144561767578
-165.8626708984375
-197.5076141357422
-205.9059295654297
-197.54302978515625
-186.37171936035156
-183.38735961914062
-126.21603393554688
-63.168617248535156
-18.453081130981445
-1.1997345685958862
0.0
0.0
0.0
0.0
0.0
0.0
0.0
0.0
0.0
0.0
0.0
0.0
0.0
-0.9482567310333252
-18.75381088256836
-57.420570373535156
-108.06126403808594
-170.14305114746094
-229.9506378173828
-244.0600128173828
-205.2465362548828
-190.3981475830078
-154.97198486328125
-153.48023986816406
-157.5943603515625
-108.2384262084961
-48.49934387207031
-8.640210151672363
0.0
0.0
0.0
0.0
0.0
0.0
0.0
0.0
0.0
0.0
0.0
0.0
0.031876690685749054
-7.916893482208252
-43.962013244628906
-90.68070983886719
-159.80523681640625
-219.22181701660156
-234.7689666748047
-265.6575927734375
-239.96624755859375
-171.81004333496094
-143.33773803710938
-139.9872589111328
-149.59877014160156
-141.76754760742188
-82.72634887695312
-25.546045303344727
-0.6855626106262207
0.0
0.0
0.0
0.0
0.0
0.0
0.0
0.0
0.0
0.0
0.0
-0.4803845286369324
-22.933643341064453
-68.45466613769531
-136.70462036132812
-197.59315490722656
-236.1033477783203
-251.1305694580078
-232.637451171875
-201.89918518066406
-198.6686553955078
-149.47509765625
-139.24188232421875
-144.98973083496094
-138.36233520507812
-110.64282989501953
-42.89557647705078
-1.2890903949737549
0.0
0.0
0.0
0.0
0.0
0.0
0.0
0.0
0.0
0.0
0.07172255218029022
-5.932270050048828
-47.44573211669922
-118.19598388671875
-177.36216735839844
-219.7357635498047
-232.69908142089844
-208.29498291015625
-176.12034606933594
-161.2262420654297
-181.02975463867188
-189.61386108398438
-156.0264434814453
-146.27256774902344
-147.37045288085938
-104.980712890625
-64.33625030517578
-6.058104515075684
0.0
0.0
0.0
0.0
0.0
0.0
0.0
0.0
0.0
0.0
-1.4354934692382812
-26.174434661865234
-75.00205993652344
-151.26011657714844
-206.5868682861328
-244.7529296875
-204.28369140625
-150.70448303222656
-89.7561264038086
-94.45465087890625
-144.79591369628906
-180.7152099609375
-197.4242706298828
-151.19293212890625
-163.61398315429688
-119.0098876953125
-75.81563568115234
-8.201322555541992
0.0
0.0
0.0
0.0
0.0
0.0
0.0
0.0
0.0
0.0
-5.547765731811523
-40.02626037597656
-89.750732421875
-179.8765869140625
-212.9464874267578
-240.732421875
-183.5690155029297
-122.97990417480469
-41.655921936035156
-43.01108932495117
-112.41687774658203
-159.37557983398438
-208.6855926513672
-162.6702117919922
-179.71702575683594
-112.86534881591797
-87.4060287475586
-13.327346801757812
0.0
0.0
0.0
0.0
0.0
0.0
0.0
0.0
0.0
0.0
-7.731668949127197
-62.497291564941406
-106.75918579101562
-194.40321350097656
-187.85455322265625
-227.21592712402344
-159.58990478515625
-117.066650390625
-31.234905242919922
-23.399858474731445
-100.29743194580078
-147.54583740234375
-221.60508728027344
-158.77064514160156
-173.95416259765625
-113.56688690185547
-75.83885955810547
-8.703524589538574
0.0
0.0
0.0
0.0
0.0
0.0
0.0
0.0
0.0
0.0
-12.682181358337402
-79.93631744384766
-117.70817565917969
-196.6235809326172
-149.28964233398438
-177.8820343017578
-115.05445098876953
-80.01432800292969
-15.39948844909668
-16.007431030273438
-96.28422546386719
-149.06802368164062
-209.75538635253906
-173.82318115234375
-178.51185607910156
-103.34162902832031
-70.31092071533203
-7.818484783172607
0.0
0.0
0.0
0.0
0.0
0.0
0.0
0.0
0.0
0.0
-12.180058479309082
-79.17782592773438
-105.30274963378906
-145.1415557861328
-100.8553466796875
-105.255126953125
-49.99945068359375
-42.6273193359375
-8.298091888427734
-23.71341896057129
-99.16627502441406
-162.84031677246094
-222.2632293701172
-186.5146026611328
-179.38446044921875
-108.72233581542969
-59.33064651489258
-2.7642064094543457
0.0
0.0
0.0
0.0
0.0
0.0
0.0
0.0
0.0
0.0
-9.286530494689941
-58.62799072265625
-89.82149505615234
-122.56265258789062
-63.77842712402344
-56.88925552368164
-48.03373336791992
-47.03945541381836
-35.56511306762695
-54.57516098022461
-118.02019500732422
-174.41519165039062
-216.9620819091797
-199.8191680908203
-179.671875
-117.36975860595703
-62.379295349121094
-3.2282962799072266
0.0
0.0
0.0
0.0
0.0
0.0
0.0
0.0
0.0
0.0
-6.291060447692871
-46.31285858154297
-73.26446533203125
-97.46353149414062
-99.87686157226562
-97.55199432373047
-99.87557983398438
-111.92813110351562
-134.96160888671875
-157.8590087890625
-183.12611389160156
-219.11314392089844
-217.2310333251953
-192.5665740966797
-156.1905975341797
-105.93267059326172
-46.143680572509766
-1.4769632816314697
0.0
0.0
0.0
0.0
0.0
0.0
0.0
0.0
0.0
0.0
-1.5856013298034668
-16.66472053527832
-42.24456024169922
-77.2173080444336
-113.98969268798828
-133.99436950683594
-165.84507751464844
-192.3083953857422
-200.1508026123047
-245.3627471923828
-285.00286865234375
-295.7996520996094
-248.48699951171875
-199.5778350830078
-139.5460205078125
-83.53206634521484
-30.029420852661133
-0.7646214962005615
0.0
0.0
0.0
0.0
0.0
0.0
0.0
0.0
0.0
0.0
-0.06997876614332199
-2.0389437675476074
-25.017932891845703
-54.88131332397461
-104.65283966064453
-152.1498565673828
-190.88182067871094
-190.4767303466797
-199.6475372314453
-233.7672119140625
-281.3073425292969
-333.046630859375
-282.93511962890625
-206.2722625732422
-127.89409637451172
-75.60951232910156
-14.013081550598145
-0.04562680423259735
0.0
0.0
0.0
0.0
0.0
0.0
0.0
0.0
0.0
0.0
0.031876690685749054
-3.472867250442505
-41.7962532043457
-90.5296630859375
-144.3480224609375
-172.19729614257812
-197.86575317382812
-212.06956481933594
-148.75050354003906
-189.4346923828125
-241.442138671875
-284.1688537597656
-272.5472412109375
-216.8934783935547
-121.02550506591797
-77.58940887451172
-12.5422945022583
-0.22416375577449799
0.0
0.0
0.0
0.0
0.0
0.0
0.0
0.0
0.0
0.0
-0.7194597125053406
-20.606626510620117
-63.42327117919922
-122.34475708007812
-179.3815460205078
-225.96426391601562
-218.05628967285156
-223.9154510498047
-196.36253356933594
-216.69288635253906
-238.94224548339844
-300.2607116699219
-266.1326904296875
-221.9853973388672
-140.16554260253906
-86.92449188232422
-19.0841064453125
-0.34278130531311035
0.0
0.0
0.0
0.0
0.0
0.0
0.0
0.0
0.0
0.0
-0.6447637677192688
-25.165878295898438
-78.72748565673828
-144.05860900878906
-193.39901733398438
-227.4034881591797
-234.16891479492188
-281.1000061035156
-228.6829833984375
-275.2002868652344
-299.4001159667969
-314.7331848144531
-274.0738525390625
-221.6724853515625
-155.56027221679688
-109.60965728759766
-35.36532211303711
-0.9016311764717102
0.0
0.0
0.0
0.0
0.0
0.0
0.0
0.0
0.0
0.0
-1.4207444190979004
-40.7562370300293
-87.55036163330078
-137.7915802001953
-161.419189453125
-194.57861328125
-216.34487915039062
-274.869140625
-260.6671142578125
-312.3002624511719
-313.73565673828125
-318.76226806640625
-260.4720764160156
-202.5902862548828
-144.60324096679688
-112.11952209472656
-51.43929672241211
-2.3341503143310547
0.0
0.0
0.0
0.0
0.0
0.0
0.0
0.0
0.0
0.0
-0.9493231773376465
-39.0497932434082
-105.26738739013672
-144.97607421875
-150.8636474609375
-183.05946350097656
-204.52757263183594
-268.5232238769531
-254.02981567382812
-272.7992858886719
-280.4570617675781
-262.33868408203125
-198.09500122070312
-174.7730255126953
-134.11822509765625
-100.60138702392578
-64.62374114990234
-6.2295823097229
0.0
0.0
0.0
0.0
0.0
0.0
0.0
0.0
0.0
0.0
-1.0240191221237183
-33.32913589477539
-99.14151000976562
-137.8288116455078
-153.20494079589844
-171.6002655029297
-218.85818481445312
-283.3635559082031
-262.7991943359375
-243.87355041503906
-239.1849365234375
-207.55990600585938
-144.87106323242188
-94.7423095703125
-90.90585327148438
-83.68668365478516
-53.57988357543945
-5.325161457061768
0.0
0.0
0.0
0.0
0.0
0.0
0.0
0.0
0.0
0.0
-0.27991506457328796
-17.983556747436523
-82.00190734863281
-128.30258178710938
-137.4230499267578
-147.27874755859375
-179.2360076904297
-211.9674530029297
-224.0690460205078
-193.86947631835938
-174.8859405517578
-167.1820526123047
-126.67327880859375
-71.15813446044922
-27.133411407470703
-19.804025650024414
-32.07735824584961
-5.215840816497803
0.0
0.0
0.0
0.0
0.0
0.0
0.0
0.0
0.0
0.0
0.0
-7.349462509155273
-52.29317855834961
-100.08570098876953
-131.90240478515625
-126.20965576171875
-115.78185272216797
-141.64755249023438
-126.8238754272461
-97.08006286621094
-115.09166717529297
-120.13641357421875
-116.39765930175781
-81.2681655883789
-30.085453033447266
-3.407987594604492
-4.5215277671813965
-0.19798733294010162
0.0
0.0
0.0
0.0
0.0
0.0
0.0
0.0
0.0
0.0
0.0
-2.027631998062134
-29.029010772705078
-77.12714385986328
-111.80235290527344
-139.2176971435547
-122.73336791992188
-85.337158203125
-72.67210388183594
-40.96223449707031
-35.3481559753418
-50.055965423583984
-59.034366607666016
-62.79020690917969
-43.093231201171875
-21.696439743041992
-9.431964874267578
-1.2899341583251953
0.0
0.0
0.0
0.0
0.0
0.0
0.0
0.0
0.0
0.0
0.0
-0.20993629097938538
-7.416528701782227
-39.874725341796875
-75.03410339355469
-102.89959716796875
-103.36064910888672
-82.8515396118164
-49.45630645751953
-24.50326156616211
-12.747025489807129
-7.723090171813965
-12.514184951782227
-14.683935165405273
-11.11111831665039
-7.382331848144531
-2.7845749855041504
-0.2802046835422516
0.0
0.0
0.0
0.0
0.0
0.0
0.0
0.0
0.0
0.0
0.0
0.0
-0.5598301291465759
-6.827078819274902
-20.602489471435547
-35.411865234375
-39.97993087768555
-33.85375213623047
-20.752771377563477
-9.781811714172363
-2.652846097946167
-0.1260197013616562
-0.1333327293395996
-0.12338824570178986
-0.07496289908885956
-0.056040938943624496
0.0
0.0
0.0
0.0
0.0
0.0
0.0
0.0
0.0
0.0
0.0
0.0
0.0
0.0
0.0
0.0
0.0
1.09703528881073
6.349710941314697
11.615663528442383
-2.374293565750122
15.832204818725586
50.967105865478516
54.77708053588867
18.70693016052246
2.8454792499542236
0.0
0.0
0.0
0.0
0.0
0.0
0.0
0.0
0.0
0.0
0.0
0.0
0.0
0.0
0.0
0.0
0.0
0.0
1.5671932697296143
11.733861923217773
13.940168380737305
3.164003849029541
47.48357391357422
118.31841278076172
198.20616149902344
207.24928283691406
132.32008361816406
57.59182357788086
12.030780792236328
0.35568490624427795
0.0
0.0
0.0
0.0
0.0
0.0
0.0
0.0
0.0
0.0
0.0
0.0
0.0
0.0
0.0
3.1343865394592285
14.964090347290039
3.0378260612487793
-14.624153137207031
20.15421485900879
157.3321990966797
313.1994323730469
367.81964111328125
348.4731140136719
295.1206359863281
194.81680297851562
75.9675521850586
8.207871437072754
0.0
0.0
0.0
0.0
0.0
0.0
0.0
0.0
0.0
0.0
0.0
0.0
0.0
0.0
1.09703528881073
10.31491756439209
2.126561164855957
-31.157623291015625
-21.355655670166016
89.77500915527344
288.0631408691406
435.269287109375
486.27264404296875
441.9760437011719
391.5035095214844
331.4244079589844
184.72109985351562
44.441566467285156
2.4897942543029785
0.0
0.0
0.0
0.0
0.0
0.0
0.0
0.0
0.0
0.0
0.0
0.0
0.0
5.909174919128418
5.555410385131836
-44.894718170166016
-53.89798355102539
20.511676788330078
167.58517456054688
316.7886962890625
406.3841552734375
414.1172790527344
415.0578918457031
409.58197021484375
392.5841369628906
301.3345031738281
129.67739868164062
19.04113006591797
0.0
0.0
0.0
0.0
0.0
0.0
0.0
0.0
0.0
0.0
0.0
0.0
0.6268773078918457
7.439651966094971
-34.52872085571289
-90.38027954101562
-66.1941146850586
96.3430404663086
280.093994140625
288.4480285644531
234.67529296875
184.73841857910156
238.7205810546875
380.0248718261719
415.9703063964844
380.3054504394531
232.00555419921875
60.57279586791992
1.4227396249771118
0.0
0.0
0.0
0.0
0.0
0.0
0.0
0.0
0.0
0.0
0.0
4.585649013519287
-9.306600570678711
-84.66542053222656
-121.00483703613281
-25.77229118347168
201.65447998046875
369.5975341796875
279.934326171875
36.68194580078125
-44.50310516357422
46.37870407104492
272.63189697265625
441.08905029296875
431.7758483886719
298.00360107421875
100.2927474975586
3.309638738632202
0.0
0.0
0.0
0.0
0.0
0.0
0.0
0.0
0.0
0.0
1.4104739427566528
13.479657173156738
-44.125831604003906
-132.9407958984375
-113.42550659179688
107.33032989501953
328.4946594238281
376.9096984863281
215.85227966308594
-52.10579299926758
-181.08204650878906
-91.21532440185547
156.57723999023438
407.9593200683594
483.3533935546875
345.8204040527344
147.13433837890625
12.583501815795898
0.0
0.0
0.0
0.0
0.0
0.0
0.0
0.0
0.0
0.0
3.3436999320983887
-5.418253421783447
-86.21768951416016
-143.1389617919922
-31.68016815185547
261.6456604003906
428.8439636230469
333.00531005859375
146.1125946044922
-39.480838775634766
-206.95022583007812
-188.78338623046875
36.6347541809082
359.8271179199219
512.5936279296875
388.71234130859375
179.10728454589844
20.745922088623047
0.0
0.0
0.0
0.0
0.0
0.0
0.0
0.0
0.0
0.0
-2.136326313018799
-44.016265869140625
-118.85367584228516
-118.33597564697266
81.05118560791016
370.2103576660156
452.23431396484375
304.57562255859375
85.75625610351562
-30.101680755615234
-179.7455291748047
-224.80923461914062
-28.356847763061523
321.0556640625
535.6159057617188
417.7774963378906
199.7722625732422
26.352375030517578
0.0
0.0
0.0
0.0
0.0
0.0
0.0
0.0
0.0
0.0
-10.4804048538208
-90.96540069580078
-158.57081604003906
-101.88355255126953
177.52146911621094
454.106689453125
448.3319091796875
267.4801330566406
52.984458923339844
-21.31035804748535
-154.2006072998047
-224.7036590576172
-75.18342590332031
298.47821044921875
538.1859741210938
418.189697265625
180.99085998535156
19.535930633544922
0.0
0.0
0.0
0.0
0.0
0.0
0.0
0.0
0.0
0.0
-20.883174896240234
-132.69017028808594
-203.0666046142578
-113.4708480834961
216.61289978027344
468.9927062988281
390.6678161621094
182.7137451171875
25.85060691833496
-14.915088653564453
-144.7619171142578
-218.5085906982422
-64.4923095703125
297.03216552734375
537.3213500976562
402.66961669921875
152.949951171875
11.111943244934082
0.0
0.0
0.0
0.0
0.0
0.0
0.0
0.0
0.0
0.0
-23.766624450683594
-155.72108459472656
-220.95217895507812
-103.30290222167969
157.7427215576172
335.47418212890625
242.07168579101562
86.97810363769531
11.415363311767578
-14.3330078125
-143.85873413085938
-214.98150634765625
-23.336578369140625
337.8972473144531
529.4287719726562
388.6348571777344
133.6200408935547
4.860879898071289
0.0
0.0
0.0
0.0
0.0
0.0
0.0
0.0
0.0
0.0
-17.0166072845459
-124.42154693603516
-201.44741821289062
-102.69972229003906
77.3371353149414
173.71453857421875
125.78247833251953
53.69967269897461
69.32459259033203
46.78659439086914
-93.0291976928711
-182.79721069335938
21.752281188964844
385.14935302734375
525.3067016601562
369.2106628417969
125.84234619140625
4.866671562194824
0.0
0.0
0.0
0.0
0.0
0.0
0.0
0.0
0.0
0.0
-8.23538589477539
-72.39997863769531
-140.41720581054688
-87.0382308959961
16.673057556152344
78.8829116821289
112.31674194335938
171.11187744140625
230.9314727783203
192.41102600097656
41.09122848510742
-50.5952262878418
113.00907135009766
445.22515869140625
524.9879760742188
324.47003173828125
90.40277862548828
2.5399441719055176
0.0
0.0
0.0
0.0
0.0
0.0
0.0
0.0
0.0
0.0
-1.798865795135498
-20.863304138183594
-46.89693069458008
-49.85828399658203
-26.988285064697266
46.792728424072266
187.53488159179688
337.9690246582031
401.1229553222656
310.4760437011719
167.5720977783203
112.83455657958984
270.3544616699219
494.3359069824219
500.09246826171875
264.7575378417969
50.660499572753906
0.7827898859977722
0.0
0.0
0.0
0.0
0.0
0.0
0.0
0.0
0.0
0.0
-0.07703392952680588
1.0034263134002686
-9.817758560180664
-48.48784637451172
-57.67384338378906
37.42396545410156
250.62892150878906
413.0437316894531
427.8320617675781
333.44122314453125
221.35023498535156
229.88616943359375
387.85418701171875
523.4371337890625
445.93487548828125
204.529296875
22.57403564453125
0.07248295098543167
0.0
0.0
0.0
0.0
0.0
0.0
0.0
0.0
0.0
0.0
0.6268773078918457
12.403940200805664
-38.37398147583008
-104.52564239501953
-75.60025024414062
106.72196197509766
261.08331298828125
285.2222900390625
240.10708618164062
187.433349609375
182.80540466308594
290.5574951171875
444.2339172363281
528.8438720703125
419.43670654296875
179.9784698486328
17.832029342651367
0.18075205385684967
0.0
0.0
0.0
0.0
0.0
0.0
0.0
0.0
0.0
0.0
-0.11593085527420044
-7.18598747253418
-78.59722137451172
-145.23220825195312
-41.782066345214844
189.46556091308594
305.3946838378906
149.6058349609375
-9.261302947998047
22.441835403442383
133.2626953125
351.8877258300781
499.7991027832031
529.4464721679688
434.3193664550781
218.84085083007812
40.75306701660156
0.7113698124885559
0.0
0.0
0.0
0.0
0.0
0.0
0.0
0.0
0.0
0.0
-1.0014758110046387
-36.838417053222656
-114.75057220458984
-143.65431213378906
15.858609199523926
277.1601257324219
357.5579833984375
89.18021392822266
-130.0543670654297
-30.727474212646484
179.79214477539062
385.78802490234375
537.0965576171875
553.691650390625
455.1470947265625
281.47894287109375
82.40594482421875
2.1883468627929688
0.0
0.0
0.0
0.0
0.0
0.0
0.0
0.0
0.0
0.0
-2.661101818084717
-72.75543212890625
-157.04421997070312
-144.98394775390625
80.10354614257812
350.108642578125
395.5576171875
136.13951110839844
-76.94019317626953
58.78710174560547
263.1798400878906
362.6070861816406
461.302001953125
537.7532348632812
477.2522277832031
319.75885009765625
115.94210815429688
5.087532043457031
0.0
0.0
0.0
0.0
0.0
0.0
0.0
0.0
0.0
0.0
-2.2264294624328613
-74.4076919555664
-195.031494140625
-166.5589599609375
82.79389953613281
333.227783203125
388.1484680175781
213.94789123535156
102.61941528320312
191.94931030273438
270.27813720703125
241.658447265625
262.31292724609375
395.1708679199219
446.3482666015625
342.70965576171875
148.67210388183594
13.704896926879883
0.0
0.0
0.0
0.0
0.0
0.0
0.0
0.0
0.0
0.0
-1.3408845663070679
-55.441650390625
-198.65049743652344
-198.3024444580078
18.025545120239258
227.03012084960938
299.71478271484375
267.7109375
271.3545227050781
293.26806640625
195.01712036132812
35.436073303222656
64.63592529296875
236.49826049804688
324.0372619628906
268.5567321777344
119.8336410522461
13.694417953491211
0.0
0.0
0.0
0.0
0.0
0.0
0.0
0.0
0.0
0.0
-0.3081357181072235
-27.84922981262207
-162.71786499023438
-238.75267028808594
-82.4296646118164
88.64566040039062
165.22842407226562
240.18130493164062
283.82110595703125
264.3101501464844
81.39968872070312
-113.98384094238281
-62.86652755737305
128.9785614013672
208.17674255371094
144.51205444335938
55.175418853759766
6.645736217498779
0.0
0.0
0.0
0.0
0.0
0.0
0.0
0.0
0.0
0.0
0.0
-9.937787055969238
-95.68533325195312
-224.99293518066406
-185.75503540039062
-37.42604446411133
42.90846252441406
132.03746032714844
193.56219482421875
156.25889587402344
41.98396301269531
-119.12030792236328
-129.29539489746094
18.50571632385254
109.98764038085938
74.17813110351562
15.270465850830078
0.5637593269348145
0.0
0.0
0.0
0.0
0.0
0.0
0.0
0.0
0.0
0.0
0.0
-2.3922741413116455
-40.84125518798828
-148.9913330078125
-200.52236938476562
-125.30997467041016
-35.189186096191406
45.57244110107422
97.40032958984375
87.7609634399414
29.689559936523438
-45.00716018676758
-87.56470489501953
-39.10009765625
35.370670318603516
39.5300178527832
11.431754112243652
1.0847399234771729
0.0
0.0
0.0
0.0
0.0
0.0
0.0
0.0
0.0
0.0
0.0
-0.23110178112983704
-8.865015983581543
-57.60049057006836
-121.10189056396484
-118.12789916992188
-53.13690185546875
9.613910675048828
50.83218765258789
43.85313415527344
12.561861038208008
-5.395973205566406
-19.056161880493164
-12.275348663330078
6.417339324951172
8.717682838439941
2.650287628173828
0.2259400635957718
0.0
0.0
0.0
0.0
0.0
0.0
0.0
0.0
0.0
0.0
0.0
0.0
-0.616271436214447
-8.351554870605469
-29.737760543823242
-42.44258117675781
-25.016136169433594
6.09179162979126
19.97654151916504
11.503586769104004
2.2200891971588135
-0.03184591606259346
-0.237946018576622
-0.04584573209285736
0.14144061505794525
0.04518801346421242
0.0
0.0
0.0
0.0
0.0
0.0
0.0
