872.3402099609375
1761.2979736328125
-792.17724609375
-1012.1217041015625
323.0948486328125
-857.0963745117188
-1567.4208984375
-1015.6385498046875
1511.439453125
1.7001953125
-135.06204223632812
159.3056640625
1450.8548583984375
-1186.27978515625
154.30113220214844
-2073.134765625
1721.6539306640625
-179.90371704101562
-2021.2237548828125
2651.77587890625
-760.9366455078125
1562.864990234375
1810.0264892578125
69.1226806640625
1162.7784423828125
-1668.0692138671875
-351.81591796875
1262.0263671875
758.768798828125
1851.8472900390625
530.1880493164062
406.65191650390625
2193.99853515625
292.0509948730469
178.88824462890625
1386.337890625
-1272.4267578125
-534.4097290039062
-1342.417236328125
-1820.474853515625
1116.8199462890625
-1861.060791015625
151.96009826660156
-275.43841552734375
638.407470703125
-155.552001953125
-1090.5478515625
808.91796875
-1125.7607421875
-648.7420654296875
-20.1470947265625
145.720703125
-1357.38623046875
-767.7349853515625
688.9960327148438
91.65359497070312
389.40570068359375
1734.3096923828125
549.3851318359375
836.75634765625
-57.40966796875
-395.1463928222656
-45.0576171875
1127.91552734375
1359.4842529296875
-1074.124267578125
2143.028564453125
350.12237548828125
121.58743286132812
-461.33831787109375
-676.88623046875
1527.0087890625
-581.818359375
679.052978515625
2624.55615234375
1838.221435546875
-787.6323852539062
-1666.739501953125
1334.4610595703125
316.5788269042969
425.84136962890625
1410.1318359375
-2012.772705078125
525.59130859375
1986.21630859375
-952.7634887695312
1227.07568359375
-981.9945068359375
1552.3433837890625
812.3211059570312
1201.851806640625
1840.84521484375
-1261.566650390625
-1050.1014404296875
-1191.645751953125
634.7672119140625
-642.6033325195312
-1158.974609375
-910.5784912109375
-1551.9482421875
28.934646606445312
544.0693359375
815.5219116210938
1315.4700927734375
644.8038330078125
1209.962890625
-1331.55517578125
-1055.275634765625
496.0300598144531
2130.197509765625
2480.0068359375
639.657470703125
-377.64788818359375
-541.1383666992188
-1518.95458984375
-463.54266357421875
505.3065490722656
-1236.9678955078125
583.2219848632812
1629.5458984375
