-859.68115234375
535.707763671875
-325.00732421875
168.26724243164062
310.720703125
-612.7028198242188
-8.43316650390625
1417.1016845703125
897.155029296875
-22.393692016601562
-651.2364501953125
1108.6749267578125
588.028564453125
446.95025634765625
573.5637817382812
-185.76559448242188
236.45709228515625
-357.1065673828125
-486.380126953125
1035.718017578125
-42.7138671875
462.00201416015625
352.1968078613281
-1009.351318359375
1482.0013427734375
1074.1553955078125
1835.008056640625
-146.1219482421875
-1105.57763671875
-1528.376220703125
1032.652099609375
47.65088653564453
1467.8629150390625
475.19818115234375
370.30975341796875
-746.2322387695312
948.2738647460938
-441.35162353515625
809.9871826171875
-1424.9775390625
1219.57080078125
553.188720703125
-119.7432861328125
369.2823486328125
350.5956115722656
364.1258544921875
332.49005126953125
510.24322509765625
-379.55096435546875
438.9723815917969
1417.65185546875
1305.3258056640625
-835.7415161132812
-645.857421875
575.9520874023438
221.71014404296875
-463.54742431640625
142.54273986816406
781.5054931640625
-262.0531921386719
-414.1039123535156
-1316.843017578125
-94.89027404785156
-29.409027099609375
670.3176879882812
865.370361328125
1323.2056884765625
797.701171875
-201.8253936767578
419.954833984375
584.7078857421875
-682.354248046875
1340.015380859375
-267.23516845703125
1981.365478515625
-38.81175231933594
673.5057983398438
-356.3337097167969
-984.1531982421875
894.9075927734375
-213.63563537597656
125.59307098388672
-510.0553894042969
871.8192138671875
